市区町村コード,市区町村,寄付額,控除額,寄付－控除額
01100,北海道 札幌市,613985,5135221,-4521236
01202,北海道 函館市,911740,247971,663769
01203,北海道 小樽市,368234,70424,297810
01204,北海道 旭川市,1801357,386550,1414807
01205,北海道 室蘭市,36236,75093,-38857
01206,北海道 釧路市,1052795,146776,906019
01207,北海道 帯広市,591150,249717,341433
01208,北海道 北見市,637675,89816,547859
01209,北海道 夕張市,366844,1281,365563
01210,北海道 岩見沢市,485872,56005,429867
01211,北海道 網走市,1945162,27913,1917249
01212,北海道 留萌市,457588,15368,442220
01213,北海道 苫小牧市,581564,163566,417998
01214,北海道 稚内市,2608893,39485,2569408
01215,北海道 美唄市,1079134,9151,1069983
01216,北海道 芦別市,85445,3900,81545
01217,北海道 江別市,394921,104028,290893
01218,北海道 赤平市,767051,3194,763857
01219,北海道 紋別市,13392711,17562,13375149
01220,北海道 士別市,73472,10442,63030
01221,北海道 名寄市,54829,22764,32065
01222,北海道 三笠市,239162,2378,236784
01223,北海道 根室市,12545869,18353,12527516
01224,北海道 千歳市,3223686,117612,3106074
01225,北海道 滝川市,1454601,28624,1425977
01226,北海道 砂川市,500522,12804,487718
01227,北海道 歌志内市,6780,630,6150
01228,北海道 深川市,417717,11791,405926
01229,北海道 富良野市,95675,14347,81328
01230,北海道 登別市,823661,29106,794555
01231,北海道 恵庭市,1163488,69771,1093717
01233,北海道 伊達市,64013,16858,47155
01234,北海道 北広島市,275865,60702,215163
01235,北海道 石狩市,365000,39934,325066
01236,北海道 北斗市,71126,23167,47959
01303,北海道 石狩郡 当別町,1948520,14634,1933886
01304,北海道 石狩郡 新篠津村,81781,738,81043
01331,北海道 松前郡 松前町,35080,1661,33419
01332,北海道 松前郡 福島町,43484,852,42632
01333,北海道 上磯郡 知内町,178798,927,177871
01334,北海道 上磯郡 木古内町,34171,1613,32558
01337,北海道 亀田郡 七飯町,33198,15442,17756
01343,北海道 茅部郡 鹿部町,612496,1232,611264
01345,北海道 茅部郡 森町,1915527,5560,1909967
01346,北海道 二海郡 八雲町,1936493,9066,1927427
01347,北海道 山越郡 長万部町,49771,1409,48362
01361,北海道 檜山郡 江差町,55201,5109,50092
01362,北海道 檜山郡 上ノ国町,46263,1358,44905
01363,北海道 檜山郡 厚沢部町,29807,1727,28080
01364,北海道 爾志郡 乙部町,58573,1003,57570
01367,北海道 奥尻郡 奥尻町,42438,2899,39539
01370,北海道 瀬棚郡 今金町,13666,1913,11753
01371,北海道 久遠郡 せたな町,148876,2357,146519
01391,北海道 島牧郡 島牧村,915,340,575
01392,北海道 寿都郡 寿都町,1461770,1809,1459961
01393,北海道 寿都郡 黒松内町,256568,834,255734
01394,北海道 磯谷郡 蘭越町,31107,1895,29212
01395,北海道 虻田郡 ニセコ町,19454,4100,15354
01396,北海道 虻田郡 真狩村,33655,729,32926
01397,北海道 虻田郡 留寿都村,108067,1006,107061
01398,北海道 虻田郡 喜茂別町,40372,744,39628
01399,北海道 虻田郡 京極町,59230,1067,58163
01400,北海道 虻田郡 倶知安町,269611,18670,250941
01401,北海道 岩内郡 共和町,73850,6056,67794
01402,北海道 岩内郡 岩内町,84320,6175,78145
01403,北海道 古宇郡 泊村,2125,1033,1092
01404,北海道 古宇郡 神恵内村,2468,118,2350
01405,北海道 積丹郡 積丹町,74542,675,73867
01406,北海道 古平郡 古平町,476540,826,475714
01407,北海道 余市郡 仁木町,316066,1613,314453
01408,北海道 余市郡 余市町,439199,11194,428005
01409,北海道 余市郡 赤井川村,350519,211,350308
01423,北海道 空知郡 南幌町,115192,4513,110679
01424,北海道 空知郡 奈井江町,117998,2729,115269
01425,北海道 空知郡 上砂川町,2848,603,2245
01427,北海道 夕張郡 由仁町,136170,3218,132952
01428,北海道 夕張郡 長沼町,248000,6698,241302
01429,北海道 夕張郡 栗山町,297419,10604,286815
01430,北海道 樺戸郡 月形町,326210,1721,324489
01431,北海道 樺戸郡 浦臼町,101610,423,101187
01432,北海道 樺戸郡 新十津川町,113956,3761,110195
01433,北海道 雨竜郡 妹背牛町,229447,1390,228057
01434,北海道 雨竜郡 秩父別町,453690,510,453180
01436,北海道 雨竜郡 雨竜町,298048,793,297255
01437,北海道 雨竜郡 北竜町,599892,7147,592745
01438,北海道 雨竜郡 沼田町,160756,2165,158591
01452,北海道 上川郡 鷹栖町,116088,4877,111211
01453,北海道 上川郡 東神楽町,248384,11580,236804
01454,北海道 上川郡 当麻町,381612,2779,378833
01455,北海道 上川郡 比布町,38920,1290,37630
01456,北海道 上川郡 愛別町,39591,634,38957
01457,北海道 上川郡 上川町,68744,1563,67181
01458,北海道 上川郡 東川町,693054,9344,683710
01459,北海道 上川郡 美瑛町,167592,8135,159457
01460,北海道 空知郡 上富良野町,314475,6478,307997
01461,北海道 空知郡 中富良野町,214717,3210,211507
01462,北海道 空知郡 南富良野町,35895,1273,34622
01463,北海道 勇払郡 占冠村,19116,506,18610
01464,北海道 上川郡 和寒町,38623,1625,36998
01465,北海道 上川郡 剣淵町,21661,763,20898
01468,北海道 上川郡 下川町,34970,1605,33365
01469,北海道 中川郡 美深町,114261,1733,112528
01470,北海道 中川郡 音威子府村,11169,733,10436
01471,北海道 中川郡 中川町,1790,1218,572
01472,北海道 雨竜郡 幌加内町,48950,321,48629
01481,北海道 増毛郡 増毛町,507384,1430,505954
01482,北海道 留萌郡 小平町,7310,949,6361
01483,北海道 苫前郡 苫前町,6390,1649,4741
01484,北海道 苫前郡 羽幌町,149935,4226,145709
01485,北海道 苫前郡 初山別村,1350,286,1064
01486,北海道 天塩郡 遠別町,91525,1170,90355
01487,北海道 天塩郡 天塩町,116005,2355,113650
01511,北海道 宗谷郡 猿払村,311830,4640,307190
01512,北海道 枝幸郡 浜頓別町,7927,3477,4450
01513,北海道 枝幸郡 中頓別町,1254,248,1006
01514,北海道 枝幸郡 枝幸町,588216,5801,582415
01516,北海道 天塩郡 豊富町,431156,3087,428069
01517,北海道 礼文郡 礼文町,287279,1191,286088
01518,北海道 利尻郡 利尻町,240538,2192,238346
01519,北海道 利尻郡 利尻富士町,347769,973,346796
01520,北海道 天塩郡 幌延町,24438,2001,22437
01543,北海道 網走郡 美幌町,87028,10536,76492
01544,北海道 網走郡 津別町,85726,1272,84454
01545,北海道 斜里郡 斜里町,29867,11062,18805
01546,北海道 斜里郡 清里町,14139,1117,13022
01547,北海道 斜里郡 小清水町,114154,1970,112184
01549,北海道 常呂郡 訓子府町,33236,2187,31049
01550,北海道 常呂郡 置戸町,28988,1231,27757
01552,北海道 常呂郡 佐呂間町,206468,3574,202894
01555,北海道 紋別郡 遠軽町,41313,13575,27738
01559,北海道 紋別郡 湧別町,92282,5863,86419
01560,北海道 紋別郡 滝上町,10008,1352,8656
01561,北海道 紋別郡 興部町,107853,2872,104981
01562,北海道 紋別郡 西興部村,3920,520,3400
01563,北海道 紋別郡 雄武町,187580,4352,183228
01564,北海道 網走郡 大空町,204003,3174,200829
01571,北海道 虻田郡 豊浦町,51355,1988,49367
01575,北海道 有珠郡 壮瞥町,121015,594,120421
01578,北海道 白老郡 白老町,397614,5272,392342
01581,北海道 勇払郡 厚真町,516165,2155,514010
01584,北海道 虻田郡 洞爺湖町,75670,5453,70217
01585,北海道 勇払郡 安平町,588284,13486,574798
01586,北海道 勇払郡 むかわ町,46357,2113,44244
01601,北海道 沙流郡 日高町,102109,9213,92896
01602,北海道 沙流郡 平取町,177451,2846,174605
01604,北海道 新冠郡 新冠町,132333,4371,127962
01607,北海道 浦河郡 浦河町,593811,11446,582365
01608,北海道 様似郡 様似町,223373,2018,221355
01609,北海道 幌泉郡 えりも町,868660,2214,866446
01610,北海道 日高郡 新ひだか町,126983,18182,108801
01631,北海道 河東郡 音更町,548065,43729,504336
01632,北海道 河東郡 士幌町,267576,6973,260603
01633,北海道 河東郡 上士幌町,1763377,7444,1755933
01634,北海道 河東郡 鹿追町,111405,3865,107540
01635,北海道 上川郡 新得町,87097,3438,83659
01636,北海道 上川郡 清水町,194853,5258,189595
01637,北海道 河西郡 芽室町,96758,18766,77992
01638,北海道 河西郡 中札内村,759835,4722,755113
01639,北海道 河西郡 更別村,19369,1519,17850
01641,北海道 広尾郡 大樹町,251541,4428,247113
01642,北海道 広尾郡 広尾町,150407,4197,146210
01643,北海道 中川郡 幕別町,287790,24010,263780
01644,北海道 中川郡 池田町,746154,2472,743682
01645,北海道 中川郡 豊頃町,79703,2946,76757
01646,北海道 中川郡 本別町,89798,6162,83636
01647,北海道 足寄郡 足寄町,80502,4993,75509
01648,北海道 足寄郡 陸別町,11244,1392,9852
01649,北海道 十勝郡 浦幌町,87995,1692,86303
01661,北海道 釧路郡 釧路町,281411,12122,269289
01662,北海道 厚岸郡 厚岸町,465748,3197,462551
01663,北海道 厚岸郡 浜中町,701383,3342,698041
01664,北海道 川上郡 標茶町,113550,3230,110320
01665,北海道 川上郡 弟子屈町,3970551,2848,3967703
01667,北海道 阿寒郡 鶴居村,43249,1217,42032
01668,北海道 白糠郡 白糠町,9736640,2423,9734217
01691,北海道 野付郡 別海町,149600,13466,136134
01692,北海道 標津郡 中標津町,138262,20245,118017
01693,北海道 標津郡 標津町,158745,4103,154642
01694,北海道 目梨郡 羅臼町,412584,2523,410061
01695,北海道 色丹郡 色丹村,,,
01696,北海道 国後郡 泊村,,,
01697,北海道 国後郡 留夜別村,,,
01698,北海道 択捉郡 留別村,,,
01699,北海道 紗那郡 紗那村,,,
01700,北海道 蘂取郡 蘂取村,,,
02201,青森県 青森市,469634,217658,251976
02202,青森県 弘前市,655952,150409,505543
02203,青森県 八戸市,59568,169969,-110401
02204,青森県 黒石市,137570,6827,130743
02205,青森県 五所川原市,584513,17819,566694
02206,青森県 十和田市,41921,38049,3872
02207,青森県 三沢市,35503,34831,672
02208,青森県 むつ市,164926,28419,136507
02209,青森県 つがる市,32335,5650,26685
02210,青森県 平川市,237663,8207,229456
02301,青森県 東津軽郡 平内町,8861,967,7894
02303,青森県 東津軽郡 今別町,14633,330,14303
02304,青森県 東津軽郡 蓬田村,890,133,757
02307,青森県 東津軽郡 外ヶ浜町,5735,1196,4539
02321,青森県 西津軽郡 鰺ヶ沢町,263224,1340,261884
02323,青森県 西津軽郡 深浦町,36582,1009,35573
02343,青森県 中津軽郡 西目屋村,14383,157,14226
02361,青森県 南津軽郡 藤崎町,177915,5146,172769
02362,青森県 南津軽郡 大鰐町,22260,1182,21078
02367,青森県 南津軽郡 田舎館村,9118,1739,7379
02381,青森県 北津軽郡 板柳町,80209,2493,77716
02384,青森県 北津軽郡 鶴田町,92374,2906,89468
02387,青森県 北津軽郡 中泊町,38164,1486,36678
02401,青森県 上北郡 野辺地町,5026,5368,-342
02402,青森県 上北郡 七戸町,45960,4011,41949
02405,青森県 上北郡 六戸町,2575,4395,-1820
02406,青森県 上北郡 横浜町,7962,526,7436
02408,青森県 上北郡 東北町,28785,3553,25232
02411,青森県 上北郡 六ヶ所村,10665,12463,-1798
02412,青森県 上北郡 おいらせ町,25578,12193,13385
02423,青森県 下北郡 大間町,81760,1886,79874
02424,青森県 下北郡 東通村,110628,1945,108683
02425,青森県 下北郡 風間浦村,10153,163,9990
02426,青森県 下北郡 佐井村,11363,46,11317
02441,青森県 三戸郡 三戸町,393018,2028,390990
02442,青森県 三戸郡 五戸町,117194,5107,112087
02443,青森県 三戸郡 田子町,99612,973,98639
02445,青森県 三戸郡 南部町,356229,5921,350308
02446,青森県 三戸郡 階上町,8862,3321,5541
02450,青森県 三戸郡 新郷村,40900,58,40842
03201,岩手県 盛岡市,181791,358014,-176223
03202,岩手県 宮古市,108463,13696,94767
03203,岩手県 大船渡市,171931,10309,161622
03205,岩手県 花巻市,2960368,47474,2912894
03206,岩手県 北上市,1684871,72814,1612057
03207,岩手県 久慈市,328662,14284,314378
03208,岩手県 遠野市,165364,6139,159225
03209,岩手県 一関市,281731,46306,235425
03210,岩手県 陸前高田市,651316,3356,647960
03211,岩手県 釜石市,722990,12176,710814
03213,岩手県 二戸市,97631,10660,86971
03214,岩手県 八幡平市,78162,5457,72705
03215,岩手県 奥州市,1554324,66321,1488003
03216,岩手県 滝沢市,40792,27462,13330
03301,岩手県 岩手郡 雫石町,346925,3342,343583
03302,岩手県 岩手郡 葛巻町,16145,856,15289
03303,岩手県 岩手郡 岩手町,79297,1865,77432
03321,岩手県 紫波郡 紫波町,319837,12001,307836
03322,岩手県 紫波郡 矢巾町,570675,19090,551585
03366,岩手県 和賀郡 西和賀町,195166,852,194314
03381,岩手県 胆沢郡 金ケ崎町,35004,5309,29695
03402,岩手県 西磐井郡 平泉町,5136,1504,3632
03441,岩手県 気仙郡 住田町,23667,906,22761
03461,岩手県 上閉伊郡 大槌町,200221,2908,197313
03482,岩手県 下閉伊郡 山田町,169921,2365,167556
03483,岩手県 下閉伊郡 岩泉町,117370,1323,116047
03484,岩手県 下閉伊郡 田野畑村,4693,410,4283
03485,岩手県 下閉伊郡 普代村,233585,198,233387
03501,岩手県 九戸郡 軽米町,23759,1917,21842
03503,岩手県 九戸郡 野田村,6635,579,6056
03506,岩手県 九戸郡 九戸村,2420,568,1852
03507,岩手県 九戸郡 洋野町,60555,2528,58027
03524,岩手県 二戸郡 一戸町,63293,2816,60477
04100,宮城県 仙台市,181114,2852573,-2671459
04202,宮城県 石巻市,357366,74009,283357
04203,宮城県 塩竈市,152808,33185,119623
04205,宮城県 気仙沼市,457674,21794,435880
04206,宮城県 白石市,559806,12799,547007
04207,宮城県 名取市,1117288,101109,1016179
04208,宮城県 角田市,2707231,11676,2695555
04209,宮城県 多賀城市,156043,57553,98490
04211,宮城県 岩沼市,281631,38579,243052
04212,宮城県 登米市,243672,29544,214128
04213,宮城県 栗原市,116375,22415,93960
04214,宮城県 東松島市,648939,19154,629785
04215,宮城県 大崎市,427794,76748,351046
04216,宮城県 富谷市,56176,80583,-24407
04301,宮城県 刈田郡 蔵王町,610863,3721,607142
04302,宮城県 刈田郡 七ヶ宿町,1887,52,1835
04321,宮城県 柴田郡 大河原町,85784,16632,69152
04322,宮城県 柴田郡 村田町,163567,3587,159980
04323,宮城県 柴田郡 柴田町,1700857,18290,1682567
04324,宮城県 柴田郡 川崎町,116611,1659,114952
04341,宮城県 伊具郡 丸森町,94775,2248,92527
04361,宮城県 亘理郡 亘理町,231906,12875,219031
04362,宮城県 亘理郡 山元町,41349,3609,37740
04401,宮城県 宮城郡 松島町,26362,6416,19946
04404,宮城県 宮城郡 七ヶ浜町,14710,10333,4377
04406,宮城県 宮城郡 利府町,220739,39957,180782
04421,宮城県 黒川郡 大和町,36973,21722,15251
04422,宮城県 黒川郡 大郷町,82930,1817,81113
04424,宮城県 黒川郡 大衡村,4542,3039,1503
04444,宮城県 加美郡 色麻町,10760,1465,9295
04445,宮城県 加美郡 加美町,91959,7691,84268
04501,宮城県 遠田郡 涌谷町,32643,4290,28353
04505,宮城県 遠田郡 美里町,9225,12296,-3071
04581,宮城県 牡鹿郡 女川町,14707,3339,11368
04606,宮城県 本吉郡 南三陸町,33723,2459,31264
05201,秋田県 秋田市,435927,259591,176336
05202,秋田県 能代市,239375,22405,216970
05203,秋田県 横手市,402810,39547,363263
05204,秋田県 大館市,907157,33988,873169
05206,秋田県 男鹿市,574988,6379,568609
05207,秋田県 湯沢市,551884,10428,541456
05209,秋田県 鹿角市,198723,7555,191168
05210,秋田県 由利本荘市,228936,17091,211845
05211,秋田県 潟上市,34510,10676,23834
05212,秋田県 大仙市,162061,32723,129338
05213,秋田県 北秋田市,498442,6642,491800
05214,秋田県 にかほ市,638947,9547,629400
05215,秋田県 仙北市,1458743,7058,1451685
05303,秋田県 鹿角郡 小坂町,18875,1441,17434
05327,秋田県 北秋田郡 上小阿仁村,15273,232,15041
05346,秋田県 山本郡 藤里町,2425,186,2239
05348,秋田県 山本郡 三種町,83840,3559,80281
05349,秋田県 山本郡 八峰町,25985,1398,24587
05361,秋田県 南秋田郡 五城目町,27461,2171,25290
05363,秋田県 南秋田郡 八郎潟町,16887,1709,15178
05366,秋田県 南秋田郡 井川町,2920,1541,1379
05368,秋田県 南秋田郡 大潟村,260763,1965,258798
05434,秋田県 仙北郡 美郷町,17428,4255,13173
05463,秋田県 雄勝郡 羽後町,48338,3858,44480
05464,秋田県 雄勝郡 東成瀬村,17165,121,17044
06201,山形県 山形市,3676929,371706,3305223
06202,山形県 米沢市,1407326,58470,1348856
06203,山形県 鶴岡市,1077176,75360,1001816
06204,山形県 酒田市,2957227,76375,2880852
06205,山形県 新庄市,1543451,17412,1526039
06206,山形県 寒河江市,5675843,24124,5651719
06207,山形県 上山市,2033193,12180,2021013
06208,山形県 村山市,1169487,9570,1159917
06209,山形県 長井市,1570156,13301,1556855
06210,山形県 天童市,2521237,48005,2473232
06211,山形県 東根市,1872902,31963,1840939
06212,山形県 尾花沢市,581650,4584,577066
06213,山形県 南陽市,782271,15611,766660
06301,山形県 東村山郡 山辺町,250000,5981,244019
06302,山形県 東村山郡 中山町,212185,5408,206777
06321,山形県 西村山郡 河北町,1258068,9343,1248725
06322,山形県 西村山郡 西川町,56368,1196,55172
06323,山形県 西村山郡 朝日町,124496,1993,122503
06324,山形県 西村山郡 大江町,282295,2412,279883
06341,山形県 北村山郡 大石田町,564729,1616,563113
06361,山形県 最上郡 金山町,71756,621,71135
06362,山形県 最上郡 最上町,147120,2484,144636
06363,山形県 最上郡 舟形町,490692,1138,489554
06364,山形県 最上郡 真室川町,115733,1885,113848
06365,山形県 最上郡 大蔵村,97987,785,97202
06366,山形県 最上郡 鮭川村,148064,631,147433
06367,山形県 最上郡 戸沢村,71128,339,70789
06381,山形県 東置賜郡 高畠町,135410,7980,127430
06382,山形県 東置賜郡 川西町,170567,4454,166113
06401,山形県 西置賜郡 小国町,147954,2453,145501
06402,山形県 西置賜郡 白鷹町,54628,2879,51749
06403,山形県 西置賜郡 飯豊町,140627,1740,138887
06426,山形県 東田川郡 三川町,571523,3305,568218
06428,山形県 東田川郡 庄内町,736200,8621,727579
06461,山形県 飽海郡 遊佐町,634363,2361,632002
07201,福島県 福島市,812242,317774,494468
07202,福島県 会津若松市,37247,91484,-54237
07203,福島県 郡山市,110284,358000,-247716
07204,福島県 いわき市,587845,260762,327083
07205,福島県 白河市,129042,53273,75769
07207,福島県 須賀川市,46578,47006,-428
07208,福島県 喜多方市,67176,16600,50576
07209,福島県 相馬市,18106,21777,-3671
07210,福島県 二本松市,59946,21856,38090
07211,福島県 田村市,158845,14023,144822
07212,福島県 南相馬市,106128,39050,67078
07213,福島県 伊達市,268483,23806,244677
07214,福島県 本宮市,11673,11062,611
07301,福島県 伊達郡 桑折町,95443,3643,91800
07303,福島県 伊達郡 国見町,164525,2485,162040
07308,福島県 伊達郡 川俣町,46798,3406,43392
07322,福島県 安達郡 大玉村,17072,2797,14275
07342,福島県 岩瀬郡 鏡石町,15656,4773,10883
07344,福島県 岩瀬郡 天栄村,24032,1173,22859
07362,福島県 南会津郡 下郷町,9095,1528,7567
07364,福島県 南会津郡 檜枝岐村,3618,19,3599
07367,福島県 南会津郡 只見町,13411,875,12536
07368,福島県 南会津郡 南会津町,32151,3765,28386
07402,福島県 耶麻郡 北塩原村,6333,734,5599
07405,福島県 耶麻郡 西会津町,161667,286,161381
07407,福島県 耶麻郡 磐梯町,632021,1101,630920
07408,福島県 耶麻郡 猪苗代町,92467,3926,88541
07421,福島県 河沼郡 会津坂下町,48428,5352,43076
07422,福島県 河沼郡 湯川村,150884,1619,149265
07423,福島県 河沼郡 柳津町,1590,286,1304
07444,福島県 大沼郡 三島町,4843,482,4361
07445,福島県 大沼郡 金山町,8487,94,8393
07446,福島県 大沼郡 昭和村,1570,58,1512
07447,福島県 大沼郡 会津美里町,55607,8497,47110
07461,福島県 西白河郡 西郷村,29650,13642,16008
07464,福島県 西白河郡 泉崎村,3281,1864,1417
07465,福島県 西白河郡 中島村,3131,1533,1598
07466,福島県 西白河郡 矢吹町,9772,8933,839
07481,福島県 東白川郡 棚倉町,159786,4919,154867
07482,福島県 東白川郡 矢祭町,8872,1878,6994
07483,福島県 東白川郡 塙町,7156,3727,3429
07484,福島県 東白川郡 鮫川村,3215,327,2888
07501,福島県 石川郡 石川町,7458,3440,4018
07502,福島県 石川郡 玉川村,21970,1790,20180
07503,福島県 石川郡 平田村,1810,338,1472
07504,福島県 石川郡 浅川町,1976,1903,73
07505,福島県 石川郡 古殿町,1757,1522,235
07521,福島県 田村郡 三春町,3940,5598,-1658
07522,福島県 田村郡 小野町,13138,3162,9976
07541,福島県 双葉郡 広野町,42309,2518,39791
07542,福島県 双葉郡 楢葉町,13861,5149,8712
07543,福島県 双葉郡 富岡町,32040,7483,24557
07544,福島県 双葉郡 川内村,7375,404,6971
07545,福島県 双葉郡 大熊町,1906,4464,-2558
07546,福島県 双葉郡 双葉町,4321,1550,2771
07547,福島県 双葉郡 浪江町,32974,5888,27086
07548,福島県 双葉郡 葛尾村,21087,346,20741
07561,福島県 相馬郡 新地町,8529,3018,5511
07564,福島県 相馬郡 飯舘村,18488,802,17686
08201,茨城県 水戸市,193768,454047,-260279
08202,茨城県 日立市,2925339,200383,2724956
08203,茨城県 土浦市,567788,189616,378172
08204,茨城県 古河市,407432,120046,287386
08205,茨城県 石岡市,164941,56532,108409
08207,茨城県 結城市,167274,38519,128755
08208,茨城県 龍ケ崎市,179193,89728,89465
08210,茨城県 下妻市,199610,29554,170056
08211,茨城県 常総市,224434,38480,185954
08212,茨城県 常陸太田市,26683,29255,-2572
08214,茨城県 高萩市,18922,14414,4508
08215,茨城県 北茨城市,131677,22228,109449
08216,茨城県 笠間市,91000,51296,39704
08217,茨城県 取手市,227276,162111,65165
08219,茨城県 牛久市,63087,164026,-100939
08220,茨城県 つくば市,192706,824253,-631547
08221,茨城県 ひたちなか市,8100,233812,-225712
08222,茨城県 鹿嶋市,253673,81466,172207
08223,茨城県 潮来市,150760,17558,133202
08224,茨城県 守谷市,2548060,243135,2304925
08225,茨城県 常陸大宮市,94821,15960,78861
08226,茨城県 那珂市,46164,41241,4923
08227,茨城県 筑西市,131179,69705,61474
08228,茨城県 坂東市,25883,26931,-1048
08229,茨城県 稲敷市,596003,18086,577917
08230,茨城県 かすみがうら市,30895,38504,-7609
08231,茨城県 桜川市,19345,23104,-3759
08232,茨城県 神栖市,141174,113013,28161
08233,茨城県 行方市,191701,12243,179458
08234,茨城県 鉾田市,135185,18700,116485
08235,茨城県 つくばみらい市,439502,93358,346144
08236,茨城県 小美玉市,169802,25651,144151
08302,茨城県 東茨城郡 茨城町,92536,17682,74854
08309,茨城県 東茨城郡 大洗町,132808,10020,122788
08310,茨城県 東茨城郡 城里町,3992,7165,-3173
08341,茨城県 那珂郡 東海村,73336,60801,12535
08364,茨城県 久慈郡 大子町,42718,3463,39255
08442,茨城県 稲敷郡 美浦村,45959,14421,31538
08443,茨城県 稲敷郡 阿見町,41309,50640,-9331
08447,茨城県 稲敷郡 河内町,56551,3447,53104
08521,茨城県 結城郡 八千代町,174595,9913,164682
08542,茨城県 猿島郡 五霞町,45189,5472,39717
08546,茨城県 猿島郡 境町,3743031,15474,3727557
08564,茨城県 北相馬郡 利根町,20319,9609,10710
09201,栃木県 宇都宮市,164714,1040178,-875464
09202,栃木県 足利市,28091,136519,-108428
09203,栃木県 栃木市,507752,130888,376864
09204,栃木県 佐野市,57273,97288,-40015
09205,栃木県 鹿沼市,87884,65734,22150
09206,栃木県 日光市,330340,35491,294849
09208,栃木県 小山市,705643,220309,485334
09209,栃木県 真岡市,18258,55751,-37493
09210,栃木県 大田原市,103873,56661,47212
09211,栃木県 矢板市,118479,20922,97557
09213,栃木県 那須塩原市,348592,112523,236069
09214,栃木県 さくら市,40629,42871,-2242
09215,栃木県 那須烏山市,12309,12482,-173
09216,栃木県 下野市,8038,155699,-147661
09301,栃木県 河内郡 上三川町,12086,32843,-20757
09342,栃木県 芳賀郡 益子町,41852,8274,33578
09343,栃木県 芳賀郡 茂木町,33446,4142,29304
09344,栃木県 芳賀郡 市貝町,3992,8769,-4777
09345,栃木県 芳賀郡 芳賀町,1695,9128,-7433
09361,栃木県 下都賀郡 壬生町,71438,43259,28179
09364,栃木県 下都賀郡 野木町,26129,23580,2549
09384,栃木県 塩谷郡 塩谷町,8394,4369,4025
09386,栃木県 塩谷郡 高根沢町,5514,46968,-41454
09407,栃木県 那須郡 那須町,307585,10766,296819
09411,栃木県 那須郡 那珂川町,40855,4152,36703
10201,群馬県 前橋市,221172,621982,-400810
10202,群馬県 高崎市,226477,612647,-386170
10203,群馬県 桐生市,53246,91055,-37809
10204,群馬県 伊勢崎市,36760,227803,-191043
10205,群馬県 太田市,155951,271363,-115412
10206,群馬県 沼田市,78437,26755,51682
10207,群馬県 館林市,113426,82214,31212
10208,群馬県 渋川市,192673,53761,138912
10209,群馬県 藤岡市,22946,45824,-22878
10210,群馬県 富岡市,190445,42384,148061
10211,群馬県 安中市,121620,55313,66307
10212,群馬県 みどり市,16375,42762,-26387
10344,群馬県 北群馬郡 榛東村,456498,11295,445203
10345,群馬県 北群馬郡 吉岡町,12661,21067,-8406
10366,群馬県 多野郡 上野村,2547,47,2500
10367,群馬県 多野郡 神流町,6061,412,5649
10382,群馬県 甘楽郡 下仁田町,57614,3246,54368
10383,群馬県 甘楽郡 南牧村,2061,181,1880
10384,群馬県 甘楽郡 甘楽町,31332,8449,22883
10421,群馬県 吾妻郡 中之条町,287422,6606,280816
10424,群馬県 吾妻郡 長野原町,38556,3805,34751
10425,群馬県 吾妻郡 嬬恋村,106726,6081,100645
10426,群馬県 吾妻郡 草津町,701269,4516,696753
10428,群馬県 吾妻郡 高山村,8211,621,7590
10429,群馬県 吾妻郡 東吾妻町,8352,6625,1727
10443,群馬県 利根郡 片品村,58155,1084,57071
10444,群馬県 利根郡 川場村,43444,783,42661
10448,群馬県 利根郡 昭和村,762860,4325,758535
10449,群馬県 利根郡 みなかみ町,280056,9206,270850
10464,群馬県 佐波郡 玉村町,98751,36166,62585
10521,群馬県 邑楽郡 板倉町,16796,12528,4268
10522,群馬県 邑楽郡 明和町,27520,7221,20299
10523,群馬県 邑楽郡 千代田町,275211,8773,266438
10524,群馬県 邑楽郡 大泉町,50726,32279,18447
10525,群馬県 邑楽郡 邑楽町,12285,17750,-5465
11100,埼玉県 さいたま市,55119,5405204,-5350085
11201,埼玉県 川越市,63169,605711,-542542
11202,埼玉県 熊谷市,43307,296276,-252969
11203,埼玉県 川口市,49749,1321647,-1271898
11206,埼玉県 行田市,31000,67937,-36937
11207,埼玉県 秩父市,597025,41567,555458
11208,埼玉県 所沢市,54515,698567,-644052
11209,埼玉県 飯能市,289868,105768,184100
11210,埼玉県 加須市,25827,100230,-74403
11211,埼玉県 本庄市,33390,80535,-47145
11212,埼玉県 東松山市,11826,124187,-112361
11214,埼玉県 春日部市,36991,293434,-256443
11215,埼玉県 狭山市,54567,192102,-137535
11216,埼玉県 羽生市,152167,52547,99620
11217,埼玉県 鴻巣市,96466,171615,-75149
11218,埼玉県 深谷市,401473,161918,239555
11219,埼玉県 上尾市,73254,437490,-364236
11221,埼玉県 草加市,44618,483716,-439098
11222,埼玉県 越谷市,7255,716585,-709330
11223,埼玉県 蕨市,41254,159704,-118450
11224,埼玉県 戸田市,10898,401431,-390533
11225,埼玉県 入間市,18628,189557,-170929
11227,埼玉県 朝霞市,18056,378285,-360229
11228,埼玉県 志木市,62222,207623,-145401
11229,埼玉県 和光市,12973,301963,-288990
11230,埼玉県 新座市,26124,286598,-260474
11231,埼玉県 桶川市,23683,125530,-101847
11232,埼玉県 久喜市,26929,227762,-200833
11233,埼玉県 北本市,600088,91366,508722
11234,埼玉県 八潮市,6300,181933,-175633
11235,埼玉県 富士見市,12870,226139,-213269
11237,埼玉県 三郷市,8255,227371,-219116
11238,埼玉県 蓮田市,6237,96681,-90444
11239,埼玉県 坂戸市,60530,139653,-79123
11240,埼玉県 幸手市,10986,50017,-39031
11241,埼玉県 鶴ヶ島市,229635,113552,116083
11242,埼玉県 日高市,305468,64888,240580
11243,埼玉県 吉川市,44775,94227,-49452
11245,埼玉県 ふじみ野市,30684,241642,-210958
11246,埼玉県 白岡市,32872,103092,-70220
11301,埼玉県 北足立郡 伊奈町,16330,66401,-50071
11324,埼玉県 入間郡 三芳町,331591,62152,269439
11326,埼玉県 入間郡 毛呂山町,21129,27233,-6104
11327,埼玉県 入間郡 越生町,7725,8897,-1172
11341,埼玉県 比企郡 滑川町,26,31077,-31051
11342,埼玉県 比企郡 嵐山町,2490,13869,-11379
11343,埼玉県 比企郡 小川町,19868,22126,-2258
11346,埼玉県 比企郡 川島町,46691,12454,34237
11347,埼玉県 比企郡 吉見町,108591,15669,92922
11348,埼玉県 比企郡 鳩山町,27800,10313,17487
11349,埼玉県 比企郡 ときがわ町,2146,8822,-6676
11361,埼玉県 秩父郡 横瀬町,49924,6327,43597
11362,埼玉県 秩父郡 皆野町,4701,3707,994
11363,埼玉県 秩父郡 長瀞町,13311,3666,9645
11365,埼玉県 秩父郡 小鹿野町,31500,4182,27318
11369,埼玉県 秩父郡 東秩父村,3129,553,2576
11381,埼玉県 児玉郡 美里町,34282,6488,27794
11383,埼玉県 児玉郡 神川町,8062,6947,1115
11385,埼玉県 児玉郡 上里町,6827,22665,-15838
11408,埼玉県 大里郡 寄居町,12250,17233,-4983
11442,埼玉県 南埼玉郡 宮代町,45543,43449,2094
11464,埼玉県 北葛飾郡 杉戸町,40739,52186,-11447
11465,埼玉県 北葛飾郡 松伏町,1770,25270,-23500
12100,千葉県 千葉市,101686,3531098,-3429412
12202,千葉県 銚子市,305610,31419,274191
12203,千葉県 市川市,48128,1739788,-1691660
12204,千葉県 船橋市,555418,1705978,-1150560
12205,千葉県 館山市,252204,34541,217663
12206,千葉県 木更津市,95400,202413,-107013
12207,千葉県 松戸市,116545,1166883,-1050338
12208,千葉県 野田市,67758,176762,-109004
12210,千葉県 茂原市,55993,85584,-29591
12211,千葉県 成田市,163175,185677,-22502
12212,千葉県 佐倉市,28029,353861,-325832
12213,千葉県 東金市,31017,44617,-13600
12215,千葉県 旭市,71321,45929,25392
12216,千葉県 習志野市,7263,581054,-573791
12217,千葉県 柏市,196607,1083179,-886572
12218,千葉県 勝浦市,963122,7764,955358
12219,千葉県 市原市,464682,341474,123208
12220,千葉県 流山市,42042,700228,-658186
12221,千葉県 八千代市,104614,445732,-341118
12222,千葉県 我孫子市,35750,299579,-263829
12223,千葉県 鴨川市,370529,36149,334380
12224,千葉県 鎌ケ谷市,15486,179207,-163721
12225,千葉県 君津市,565256,81809,483447
12226,千葉県 富津市,357879,24938,332941
12227,千葉県 浦安市,39265,953465,-914200
12228,千葉県 四街道市,18387,167196,-148809
12229,千葉県 袖ケ浦市,54156,94180,-40024
12230,千葉県 八街市,70171,36652,33519
12231,千葉県 印西市,56327,296732,-240405
12232,千葉県 白井市,141499,143782,-2283
12233,千葉県 富里市,13985,44060,-30075
12234,千葉県 南房総市,461841,16398,445443
12235,千葉県 匝瑳市,51489,23822,27667
12236,千葉県 香取市,217542,47334,170208
12237,千葉県 山武市,25397,31260,-5863
12238,千葉県 いすみ市,445070,24018,421052
12239,千葉県 大網白里市,123714,56097,67617
12322,千葉県 印旛郡 酒々井町,21270,22229,-959
12329,千葉県 印旛郡 栄町,79276,17558,61718
12342,千葉県 香取郡 神崎町,5310,3302,2008
12347,千葉県 香取郡 多古町,195037,5666,189371
12349,千葉県 香取郡 東庄町,6411,7700,-1289
12403,千葉県 山武郡 九十九里町,59357,5540,53817
12409,千葉県 山武郡 芝山町,17837,4465,13372
12410,千葉県 山武郡 横芝光町,79744,13204,66540
12421,千葉県 長生郡 一宮町,147941,18847,129094
12422,千葉県 長生郡 睦沢町,7079,4627,2452
12423,千葉県 長生郡 長生村,1079847,7254,1072593
12424,千葉県 長生郡 白子町,129684,5390,124294
12426,千葉県 長生郡 長柄町,38272,3087,35185
12427,千葉県 長生郡 長南町,15062,2479,12583
12441,千葉県 夷隅郡 大多喜町,116617,3570,113047
12443,千葉県 夷隅郡 御宿町,60042,4906,55136
12463,千葉県 安房郡 鋸南町,36467,3388,33079
13101,東京都 千代田区,259,1276446,-1276187
13102,東京都 中央区,92618,2405340,-2312722
13103,東京都 港区,24876,3898199,-3873323
13104,東京都 新宿区,12769,2557446,-2544677
13105,東京都 文京区,94579,1982679,-1888100
13106,東京都 台東区,33506,1010623,-977117
13107,東京都 墨田区,703113,1227461,-524348
13108,東京都 江東区,41018,3286837,-3245819
13109,東京都 品川区,32682,3073576,-3040894
13110,東京都 目黒区,98104,2736960,-2638856
13111,東京都 大田区,105451,3198053,-3092602
13112,東京都 世田谷区,368128,6074376,-5706248
13113,東京都 渋谷区,129300,3049575,-2920275
13114,東京都 中野区,22484,1558562,-1536078
13115,東京都 杉並区,202833,3016008,-2813175
13116,東京都 豊島区,26949,1580871,-1553922
13117,東京都 北区,3845,1366371,-1362526
13118,東京都 荒川区,4271,818121,-813850
13119,東京都 板橋区,27563,1736692,-1709129
13120,東京都 練馬区,324362,2588923,-2264561
13121,東京都 足立区,63472,1639061,-1575589
13122,東京都 葛飾区,30123,1035625,-1005502
13123,東京都 江戸川区,39779,1969839,-1930060
13201,東京都 八王子市,133285,1134616,-1001331
13202,東京都 立川市,10050,505962,-495912
13203,東京都 武蔵野市,108588,976543,-867955
13204,東京都 三鷹市,20290,780010,-759720
13205,東京都 青梅市,76274,145615,-69341
13206,東京都 府中市,397724,753612,-355888
13207,東京都 昭島市,49876,217324,-167448
13208,東京都 調布市,40336,937168,-896832
13209,東京都 町田市,221522,1120712,-899190
13210,東京都 小金井市,26717,481861,-455144
13211,東京都 小平市,5705,551558,-545853
13212,東京都 日野市,29793,491823,-462030
13213,東京都 東村山市,110168,271912,-161744
13214,東京都 国分寺市,45373,478365,-432992
13215,東京都 国立市,93348,294111,-200763
13218,東京都 福生市,1753,80770,-79017
13219,東京都 狛江市,27296,281725,-254429
13220,東京都 東大和市,24480,147961,-123481
13221,東京都 清瀬市,3161,145256,-142095
13222,東京都 東久留米市,1071,253966,-252895
13223,東京都 武蔵村山市,13930,79044,-65114
13224,東京都 多摩市,13770,384467,-370697
13225,東京都 稲城市,12035,312419,-300384
13227,東京都 羽村市,4561,83853,-79292
13228,東京都 あきる野市,11247,95571,-84324
13229,東京都 西東京市,8282,571534,-563252
13303,東京都 西多摩郡 瑞穂町,750,28092,-27342
13305,東京都 西多摩郡 日の出町,20,14151,-14131
13307,東京都 西多摩郡 檜原村,2480,792,1688
13308,東京都 西多摩郡 奥多摩町,2075,2531,-456
13361,東京都 大島支庁 大島町,2645,6874,-4229
13362,東京都 大島支庁 利島村,997,635,362
13363,東京都 大島支庁 新島村,375,2667,-2292
13364,東京都 大島支庁 神津島村,8942,1815,7127
13381,東京都 三宅支庁 三宅村,2196,3206,-1010
13382,東京都 三宅支庁 御蔵島村,180,542,-362
13401,東京都 八丈支庁 八丈町,304500,7730,296770
13402,東京都 八丈支庁 青ヶ島村,342,131,211
13421,東京都 小笠原支庁 小笠原村,10884,8216,2668
14100,神奈川県 横浜市,295476,17695500,-17400024
14130,神奈川県 川崎市,253260,8170681,-7917421
14150,神奈川県 相模原市,390853,1732384,-1341531
14201,神奈川県 横須賀市,51086,524763,-473677
14203,神奈川県 平塚市,42213,256492,-214279
14204,神奈川県 鎌倉市,1160348,750590,409758
14205,神奈川県 藤沢市,131634,1384142,-1252508
14206,神奈川県 小田原市,611026,331887,279139
14207,神奈川県 茅ヶ崎市,86997,563629,-476632
14208,神奈川県 逗子市,201352,192599,8753
14210,神奈川県 三浦市,790012,35075,754937
14211,神奈川県 秦野市,245202,222454,22748
14212,神奈川県 厚木市,1016461,439126,577335
14213,神奈川県 大和市,82981,512664,-429683
14214,神奈川県 伊勢原市,52820,176832,-124012
14215,神奈川県 海老名市,815117,323902,491215
14216,神奈川県 座間市,3771,191286,-187515
14217,神奈川県 南足柄市,2841888,52882,2789006
14218,神奈川県 綾瀬市,695434,94178,601256
14301,神奈川県 三浦郡 葉山町,62355,120980,-58625
14321,神奈川県 高座郡 寒川町,43122,55467,-12345
14341,神奈川県 中郡 大磯町,29819,74069,-44250
14342,神奈川県 中郡 二宮町,12105,46052,-33947
14361,神奈川県 足柄上郡 中井町,166673,7776,158897
14362,神奈川県 足柄上郡 大井町,32662,17413,15249
14363,神奈川県 足柄上郡 松田町,91915,15780,76135
14364,神奈川県 足柄上郡 山北町,808083,7206,800877
14366,神奈川県 足柄上郡 開成町,370771,38061,332710
14382,神奈川県 足柄下郡 箱根町,872634,9433,863201
14383,神奈川県 足柄下郡 真鶴町,11035,6830,4205
14384,神奈川県 足柄下郡 湯河原町,282514,24354,258160
14401,神奈川県 愛甲郡 愛川町,9962,25726,-15764
14402,神奈川県 愛甲郡 清川村,38283,3020,35263
15100,新潟県 新潟市,154312,1168928,-1014616
15202,新潟県 長岡市,1872178,241589,1630589
15204,新潟県 三条市,722714,77879,644835
15205,新潟県 柏崎市,350343,53609,296734
15206,新潟県 新発田市,540177,52182,487995
15208,新潟県 小千谷市,535145,18166,516979
15209,新潟県 加茂市,363253,9296,353957
15210,新潟県 十日町市,216223,20297,195926
15211,新潟県 見附市,58889,21270,37619
15212,新潟県 村上市,369168,21989,347179
15213,新潟県 燕市,4901617,53911,4847706
15216,新潟県 糸魚川市,68751,16622,52129
15217,新潟県 妙高市,92662,12543,80119
15218,新潟県 五泉市,117391,19846,97545
15222,新潟県 上越市,19632,145231,-125599
15223,新潟県 阿賀野市,247921,11959,235962
15224,新潟県 佐渡市,334921,13896,321025
15225,新潟県 魚沼市,2465259,13158,2452101
15226,新潟県 南魚沼市,3399840,22347,3377493
15227,新潟県 胎内市,1201853,12392,1189461
15307,新潟県 北蒲原郡 聖籠町,115421,7360,108061
15342,新潟県 西蒲原郡 弥彦村,439479,5480,433999
15361,新潟県 南蒲原郡 田上町,17562,4653,12909
15385,新潟県 東蒲原郡 阿賀町,296427,1816,294611
15405,新潟県 三島郡 出雲崎町,27851,1329,26522
15461,新潟県 南魚沼郡 湯沢町,489230,3632,485598
15482,新潟県 中魚沼郡 津南町,172971,1848,171123
15504,新潟県 刈羽郡 刈羽村,70,1502,-1432
15581,新潟県 岩船郡 関川村,24693,1291,23402
15586,新潟県 岩船郡 粟島浦村,18681,16,18665
16201,富山県 富山市,81185,537728,-456543
16202,富山県 高岡市,336019,168577,167442
16204,富山県 魚津市,245802,32732,213070
16205,富山県 氷見市,400745,20406,380339
16206,富山県 滑川市,26305,26147,158
16207,富山県 黒部市,48167,36726,11441
16208,富山県 砺波市,18200,40557,-22357
16209,富山県 小矢部市,38332,19541,18791
16210,富山県 南砺市,51739,24778,26961
16211,富山県 射水市,214445,85635,128810
16321,富山県 中新川郡 舟橋村,21818,4449,17369
16322,富山県 中新川郡 上市町,28252,10110,18142
16323,富山県 中新川郡 立山町,91119,15491,75628
16342,富山県 下新川郡 入善町,11515,11220,295
16343,富山県 下新川郡 朝日町,84456,3767,80689
17201,石川県 金沢市,323970,923678,-599708
17202,石川県 七尾市,386904,31969,354935
17203,石川県 小松市,307972,120221,187751
17204,石川県 輪島市,414972,6861,408111
17205,石川県 珠洲市,126673,2963,123710
17206,石川県 加賀市,263420,55505,207915
17207,石川県 羽咋市,377835,14727,363108
17209,石川県 かほく市,356483,32689,323794
17210,石川県 白山市,129628,139292,-9664
17211,石川県 能美市,61539,47855,13684
17212,石川県 野々市市,11178,83412,-72234
17324,石川県 能美郡 川北町,6333,5643,690
17361,石川県 河北郡 津幡町,24918,41235,-16317
17365,石川県 河北郡 内灘町,16817,34035,-17218
17384,石川県 羽咋郡 志賀町,135004,7789,127215
17386,石川県 羽咋郡 宝達志水町,52753,6908,45845
17407,石川県 鹿島郡 中能登町,13327,8398,4929
17461,石川県 鳳珠郡 穴水町,69023,2360,66663
17463,石川県 鳳珠郡 能登町,167738,4472,163266
18201,福井県 福井市,327801,394526,-66725
18202,福井県 敦賀市,3420943,75008,3345935
18204,福井県 小浜市,233511,24676,208835
18205,福井県 大野市,72699,13187,59512
18206,福井県 勝山市,87795,13454,74341
18207,福井県 鯖江市,263611,70792,192819
18208,福井県 あわら市,109838,20090,89748
18209,福井県 越前市,444368,63321,381047
18210,福井県 坂井市,1291662,81940,1209722
18322,福井県 吉田郡 永平寺町,15783,14878,905
18382,福井県 今立郡 池田町,1205,1094,111
18404,福井県 南条郡 南越前町,54277,4434,49843
18423,福井県 丹生郡 越前町,158831,8748,150083
18442,福井県 三方郡 美浜町,183781,8047,175734
18481,福井県 大飯郡 高浜町,58124,8820,49304
18483,福井県 大飯郡 おおい町,18692,6301,12391
18501,福井県 三方上中郡 若狭町,153846,5831,148015
19201,山梨県 甲府市,1281328,307004,974324
19202,山梨県 富士吉田市,5831248,63278,5767970
19204,山梨県 都留市,1236599,21343,1215256
19205,山梨県 山梨市,1682187,28781,1653406
19206,山梨県 大月市,766940,14245,752695
19207,山梨県 韮崎市,306109,25854,280255
19208,山梨県 南アルプス市,1263695,57324,1206371
19209,山梨県 北杜市,523524,34747,488777
19210,山梨県 甲斐市,755688,101429,654259
19211,山梨県 笛吹市,1416063,54597,1361466
19212,山梨県 上野原市,36739,19811,16928
19213,山梨県 甲州市,1190236,22098,1168138
19214,山梨県 中央市,218985,51986,166999
19346,山梨県 西八代郡 市川三郷町,395362,8413,386949
19364,山梨県 南巨摩郡 早川町,9342,103,9239
19365,山梨県 南巨摩郡 身延町,28532,5205,23327
19366,山梨県 南巨摩郡 南部町,3182,2456,726
19368,山梨県 南巨摩郡 富士川町,106718,11165,95553
19384,山梨県 中巨摩郡 昭和町,28965,46967,-18002
19422,山梨県 南都留郡 道志村,45759,889,44870
19423,山梨県 南都留郡 西桂町,13728,2004,11724
19424,山梨県 南都留郡 忍野村,129913,77643,52270
19425,山梨県 南都留郡 山中湖村,254538,10263,244275
19429,山梨県 南都留郡 鳴沢村,11962,4063,7899
19430,山梨県 南都留郡 富士河口湖町,653707,46989,606718
19442,山梨県 北都留郡 小菅村,3971,125,3846
19443,山梨県 北都留郡 丹波山村,64891,111,64780
20201,長野県 長野市,947258,460546,486712
20202,長野県 松本市,192341,403440,-211099
20203,長野県 上田市,465187,138879,326308
20204,長野県 岡谷市,98885,40894,57991
20205,長野県 飯田市,341193,86802,254391
20206,長野県 諏訪市,164315,70628,93687
20207,長野県 須坂市,1470702,36514,1434188
20208,長野県 小諸市,392034,27252,364782
20209,長野県 伊那市,1855105,60544,1794561
20210,長野県 駒ヶ根市,536802,31969,504833
20211,長野県 中野市,574325,28158,546167
20212,長野県 大町市,118700,11488,107212
20213,長野県 飯山市,1526248,8172,1518076
20214,長野県 茅野市,121449,54263,67186
20215,長野県 塩尻市,412970,76385,336585
20217,長野県 佐久市,857073,95792,761281
20218,長野県 千曲市,210654,34335,176319
20219,長野県 東御市,500687,27622,473065
20220,長野県 安曇野市,1070247,89428,980819
20303,長野県 南佐久郡 小海町,14010,1305,12705
20304,長野県 南佐久郡 川上村,5603,1286,4317
20305,長野県 南佐久郡 南牧村,38812,2264,36548
20306,長野県 南佐久郡 南相木村,1200,190,1010
20307,長野県 南佐久郡 北相木村,497,64,433
20309,長野県 南佐久郡 佐久穂町,16946,4406,12540
20321,長野県 北佐久郡 軽井沢町,378706,64436,314270
20323,長野県 北佐久郡 御代田町,233131,12818,220313
20324,長野県 北佐久郡 立科町,43272,2804,40468
20349,長野県 小県郡 青木村,11170,1532,9638
20350,長野県 小県郡 長和町,26216,2729,23487
20361,長野県 諏訪郡 下諏訪町,22598,21548,1050
20362,長野県 諏訪郡 富士見町,236824,10399,226425
20363,長野県 諏訪郡 原村,12648,8473,4175
20382,長野県 上伊那郡 辰野町,79115,10523,68592
20383,長野県 上伊那郡 箕輪町,47659,22098,25561
20384,長野県 上伊那郡 飯島町,45507,4192,41315
20385,長野県 上伊那郡 南箕輪村,152770,14231,138539
20386,長野県 上伊那郡 中川村,17270,1277,15993
20388,長野県 上伊那郡 宮田村,196777,6650,190127
20402,長野県 下伊那郡 松川町,137983,7356,130627
20403,長野県 下伊那郡 高森町,260858,5407,255451
20404,長野県 下伊那郡 阿南町,165360,1440,163920
20407,長野県 下伊那郡 阿智村,30915,1808,29107
20409,長野県 下伊那郡 平谷村,21138,0,21138
20410,長野県 下伊那郡 根羽村,209152,182,208970
20411,長野県 下伊那郡 下條村,11294,1388,9906
20412,長野県 下伊那郡 売木村,4106,103,4003
20413,長野県 下伊那郡 天龍村,18121,221,17900
20414,長野県 下伊那郡 泰阜村,3135,169,2966
20415,長野県 下伊那郡 喬木村,194076,2634,191442
20416,長野県 下伊那郡 豊丘村,826812,1560,825252
20417,長野県 下伊那郡 大鹿村,4980,159,4821
20422,長野県 木曽郡 上松町,13450,1444,12006
20423,長野県 木曽郡 南木曽町,29422,1649,27773
20425,長野県 木曽郡 木祖村,23911,513,23398
20429,長野県 木曽郡 王滝村,16930,208,16722
20430,長野県 木曽郡 大桑村,680,577,103
20432,長野県 木曽郡 木曽町,17395,4342,13053
20446,長野県 東筑摩郡 麻績村,55315,856,54459
20448,長野県 東筑摩郡 生坂村,134356,323,134033
20450,長野県 東筑摩郡 山形村,10919,12977,-2058
20451,長野県 東筑摩郡 朝日村,6822,1970,4852
20452,長野県 東筑摩郡 筑北村,18167,1320,16847
20481,長野県 北安曇郡 池田町,72458,4191,68267
20482,長野県 北安曇郡 松川村,50390,5472,44918
20485,長野県 北安曇郡 白馬村,396968,5073,391895
20486,長野県 北安曇郡 小谷村,315481,408,315073
20521,長野県 埴科郡 坂城町,189261,8649,180612
20541,長野県 上高井郡 小布施町,687704,7428,680276
20543,長野県 上高井郡 高山村,31392,1991,29401
20561,長野県 下高井郡 山ノ内町,308268,3488,304780
20562,長野県 下高井郡 木島平村,69307,985,68322
20563,長野県 下高井郡 野沢温泉村,110909,1817,109092
20583,長野県 上水内郡 信濃町,11753,2164,9589
20588,長野県 上水内郡 小川村,22789,481,22308
20590,長野県 上水内郡 飯綱町,342046,4870,337176
20602,長野県 下水内郡 栄村,29185,240,28945
21201,岐阜県 岐阜市,52544,991170,-938626
21202,岐阜県 大垣市,811250,308377,502873
21203,岐阜県 高山市,834463,66944,767519
21204,岐阜県 多治見市,50133,189228,-139095
21205,岐阜県 関市,4892154,120142,4772012
21206,岐阜県 中津川市,463575,75726,387849
21207,岐阜県 美濃市,32340,19695,12645
21208,岐阜県 瑞浪市,104471,36278,68193
21209,岐阜県 羽島市,73422,105971,-32549
21210,岐阜県 恵那市,93836,41788,52048
21211,岐阜県 美濃加茂市,558088,77318,480770
21212,岐阜県 土岐市,35864,62057,-26193
21213,岐阜県 各務原市,451732,284708,167024
21214,岐阜県 可児市,352908,161743,191165
21215,岐阜県 山県市,467422,25604,441818
21216,岐阜県 瑞穂市,540551,107157,433394
21217,岐阜県 飛騨市,1547623,11863,1535760
21218,岐阜県 本巣市,550991,42777,508214
21219,岐阜県 郡上市,166342,23031,143311
21220,岐阜県 下呂市,390115,20697,369418
21221,岐阜県 海津市,74985,29402,45583
21302,岐阜県 羽島郡 岐南町,128837,55123,73714
21303,岐阜県 羽島郡 笠松町,64841,42537,22304
21341,岐阜県 養老郡 養老町,987741,24401,963340
21361,岐阜県 不破郡 垂井町,43726,24092,19634
21362,岐阜県 不破郡 関ケ原町,93715,5244,88471
21381,岐阜県 安八郡 神戸町,73690,20844,52846
21382,岐阜県 安八郡 輪之内町,6704,8738,-2034
21383,岐阜県 安八郡 安八町,22974,16457,6517
21401,岐阜県 揖斐郡 揖斐川町,48995,17935,31060
21403,岐阜県 揖斐郡 大野町,37821,24288,13533
21404,岐阜県 揖斐郡 池田町,417526,30912,386614
21421,岐阜県 本巣郡 北方町,13577,32655,-19078
21501,岐阜県 加茂郡 坂祝町,6804,6543,261
21502,岐阜県 加茂郡 富加町,53626,6968,46658
21503,岐阜県 加茂郡 川辺町,274524,8804,265720
21504,岐阜県 加茂郡 七宗町,111302,1560,109742
21505,岐阜県 加茂郡 八百津町,310400,11358,299042
21506,岐阜県 加茂郡 白川町,34615,2795,31820
21507,岐阜県 加茂郡 東白川村,25669,603,25066
21521,岐阜県 可児郡 御嵩町,98137,19812,78325
21604,岐阜県 大野郡 白川村,74458,282,74176
22100,静岡県 静岡市,508787,1430633,-921846
22130,静岡県 浜松市,1887549,1860590,26959
22203,静岡県 沼津市,491687,260334,231353
22205,静岡県 熱海市,383788,55746,328042
22206,静岡県 三島市,143412,237495,-94083
22207,静岡県 富士宮市,1611852,123624,1488228
22208,静岡県 伊東市,247184,48304,198880
22209,静岡県 島田市,187528,90985,96543
22210,静岡県 富士市,744059,294643,449416
22211,静岡県 磐田市,814560,237226,577334
22212,静岡県 焼津市,5218275,168773,5049502
22213,静岡県 掛川市,954143,145711,808432
22214,静岡県 藤枝市,550105,207369,342736
22215,静岡県 御殿場市,1192459,114655,1077804
22216,静岡県 袋井市,673868,97594,576274
22219,静岡県 下田市,202532,17480,185052
22220,静岡県 裾野市,120292,80515,39777
22221,静岡県 湖西市,266704,70988,195716
22222,静岡県 伊豆市,576071,9591,566480
22223,静岡県 御前崎市,40165,26517,13648
22224,静岡県 菊川市,93311,43821,49490
22225,静岡県 伊豆の国市,348164,47767,300397
22226,静岡県 牧之原市,307547,32540,275007
22301,静岡県 賀茂郡 東伊豆町,162017,4336,157681
22302,静岡県 賀茂郡 河津町,129504,3845,125659
22304,静岡県 賀茂郡 南伊豆町,165779,2736,163043
22305,静岡県 賀茂郡 松崎町,37548,2718,34830
22306,静岡県 賀茂郡 西伊豆町,1581021,5291,1575730
22325,静岡県 田方郡 函南町,32720,34988,-2268
22341,静岡県 駿東郡 清水町,4699,48001,-43302
22342,静岡県 駿東郡 長泉町,1025,134092,-133067
22344,静岡県 駿東郡 小山町,319064,17560,301504
22424,静岡県 榛原郡 吉田町,706450,27572,678878
22429,静岡県 榛原郡 川根本町,22882,1616,21266
22461,静岡県 周智郡 森町,396786,9689,387097
23100,愛知県 名古屋市,735294,10649079,-9913785
23201,愛知県 豊橋市,69130,646350,-577220
23202,愛知県 岡崎市,121692,975358,-853666
23203,愛知県 一宮市,159368,789077,-629709
23204,愛知県 瀬戸市,37302,238106,-200804
23205,愛知県 半田市,36156,234148,-197992
23206,愛知県 春日井市,363751,754882,-391131
23207,愛知県 豊川市,57244,263313,-206069
23208,愛知県 津島市,273669,89575,184094
23209,愛知県 碧南市,2965094,146851,2818243
23210,愛知県 刈谷市,3505,502262,-498757
23211,愛知県 豊田市,117383,1072646,-955263
23212,愛知県 安城市,93224,493747,-400523
23213,愛知県 西尾市,597358,292402,304956
23214,愛知県 蒲郡市,421880,127729,294151
23215,愛知県 犬山市,770866,147103,623763
23216,愛知県 常滑市,41215,98573,-57358
23217,愛知県 江南市,16832,173993,-157161
23219,愛知県 小牧市,1056215,312434,743781
23220,愛知県 稲沢市,113107,278781,-165674
23221,愛知県 新城市,22606,34485,-11879
23222,愛知県 東海市,9525,236244,-226719
23223,愛知県 大府市,1700535,294037,1406498
23224,愛知県 知多市,102213,148138,-45925
23225,愛知県 知立市,70574,195347,-124773
23226,愛知県 尾張旭市,11047,199264,-188217
23227,愛知県 高浜市,75476,82218,-6742
23228,愛知県 岩倉市,104440,106385,-1945
23229,愛知県 豊明市,25829,147897,-122068
23230,愛知県 日進市,94307,367305,-272998
23231,愛知県 田原市,113258,59354,53904
23232,愛知県 愛西市,35819,87107,-51288
23233,愛知県 清須市,63993,163329,-99336
23234,愛知県 北名古屋市,81271,187758,-106487
23235,愛知県 弥富市,3628,78723,-75095
23236,愛知県 みよし市,28630,237704,-209074
23237,愛知県 あま市,32413,143895,-111482
23238,愛知県 長久手市,19218,282079,-262861
23302,愛知県 愛知郡 東郷町,155441,97021,58420
23342,愛知県 西春日井郡 豊山町,21277,25837,-4560
23361,愛知県 丹羽郡 大口町,38777,50627,-11850
23362,愛知県 丹羽郡 扶桑町,2276,68722,-66446
23424,愛知県 海部郡 大治町,150,46717,-46567
23425,愛知県 海部郡 蟹江町,4922,85272,-80350
23427,愛知県 海部郡 飛島村,20,6221,-6201
23441,愛知県 知多郡 阿久比町,14598,56190,-41592
23442,愛知県 知多郡 東浦町,618151,117663,500488
23445,愛知県 知多郡 南知多町,137218,14910,122308
23446,愛知県 知多郡 美浜町,131808,28682,103126
23447,愛知県 知多郡 武豊町,24822,66619,-41797
23501,愛知県 額田郡 幸田町,2707532,91973,2615559
23561,愛知県 北設楽郡 設楽町,14918,2589,12329
23562,愛知県 北設楽郡 東栄町,6424,663,5761
23563,愛知県 北設楽郡 豊根村,4380,86,4294
24201,三重県 津市,177531,491918,-314387
24202,三重県 四日市市,49298,639348,-590050
24203,三重県 伊勢市,419005,177775,241230
24204,三重県 松阪市,1287286,241188,1046098
24205,三重県 桑名市,681671,345893,335778
24207,三重県 鈴鹿市,205582,332942,-127360
24208,三重県 名張市,134821,99064,35757
24209,三重県 尾鷲市,403288,12217,391071
24210,三重県 亀山市,3040,56950,-53910
24211,三重県 鳥羽市,575259,10403,564856
24212,三重県 熊野市,224291,9088,215203
24214,三重県 いなべ市,25687,52339,-26652
24215,三重県 志摩市,448421,36533,411888
24216,三重県 伊賀市,629397,90479,538918
24303,三重県 桑名郡 木曽岬町,103806,5153,98653
24324,三重県 員弁郡 東員町,1040,37544,-36504
24341,三重県 三重郡 菰野町,11440,60037,-48597
24343,三重県 三重郡 朝日町,3885,28823,-24938
24344,三重県 三重郡 川越町,1182,29038,-27856
24441,三重県 多気郡 多気町,962985,10579,952406
24442,三重県 多気郡 明和町,1502442,23255,1479187
24443,三重県 多気郡 大台町,68119,7562,60557
24461,三重県 度会郡 玉城町,111737,15057,96680
24470,三重県 度会郡 度会町,15321,5160,10161
24471,三重県 度会郡 大紀町,74039,2807,71232
24472,三重県 度会郡 南伊勢町,93718,7620,86098
24543,三重県 北牟婁郡 紀北町,101457,4346,97111
24561,三重県 南牟婁郡 御浜町,106992,7859,99133
24562,三重県 南牟婁郡 紀宝町,33222,5543,27679
25201,滋賀県 大津市,130802,898896,-768094
25202,滋賀県 彦根市,200442,187097,13345
25203,滋賀県 長浜市,89227,140895,-51668
25204,滋賀県 近江八幡市,3852738,137049,3715689
25206,滋賀県 草津市,317469,406485,-89016
25207,滋賀県 守山市,140833,194778,-53945
25208,滋賀県 栗東市,55879,172216,-116337
25209,滋賀県 甲賀市,354185,94819,259366
25210,滋賀県 野洲市,1050,109954,-108904
25211,滋賀県 湖南市,116538,64090,52448
25212,滋賀県 高島市,634192,38817,595375
25213,滋賀県 東近江市,571811,130240,441571
25214,滋賀県 米原市,394268,42609,351659
25383,滋賀県 蒲生郡 日野町,9516,18665,-9149
25384,滋賀県 蒲生郡 竜王町,199803,14615,185188
25425,滋賀県 愛知郡 愛荘町,70972,21401,49571
25441,滋賀県 犬上郡 豊郷町,395674,4616,391058
25442,滋賀県 犬上郡 甲良町,53667,5259,48408
25443,滋賀県 犬上郡 多賀町,8975,9391,-416
26100,京都府 京都市,1762432,4977034,-3214602
26201,京都府 福知山市,261634,73366,188268
26202,京都府 舞鶴市,65406,73123,-7717
26203,京都府 綾部市,95695,21856,73839
26204,京都府 宇治市,103057,382452,-279395
26205,京都府 宮津市,160845,15005,145840
26206,京都府 亀岡市,2329939,116755,2213184
26207,京都府 城陽市,39780,107464,-67684
26208,京都府 向日市,10745,140502,-129757
26209,京都府 長岡京市,415858,244216,171642
26210,京都府 八幡市,170,120764,-120594
26211,京都府 京田辺市,50221,193584,-143363
26212,京都府 京丹後市,578717,26255,552462
26213,京都府 南丹市,136450,23574,112876
26214,京都府 木津川市,25090,198314,-173224
26303,京都府 乙訓郡 大山崎町,47526,35001,12525
26322,京都府 久世郡 久御山町,62532,19429,43103
26343,京都府 綴喜郡 井手町,2419,12124,-9705
26344,京都府 綴喜郡 宇治田原町,137615,11403,126212
26364,京都府 相楽郡 笠置町,3735,583,3152
26365,京都府 相楽郡 和束町,1175,1300,-125
26366,京都府 相楽郡 精華町,38911,121146,-82235
26367,京都府 相楽郡 南山城村,18841,1158,17683
26407,京都府 船井郡 京丹波町,106446,3460,102986
26463,京都府 与謝郡 伊根町,13435,506,12929
26465,京都府 与謝郡 与謝野町,47296,13408,33888
27100,大阪府 大阪市,425756,9176337,-8750581
27140,大阪府 堺市,80939,2579931,-2498992
27202,大阪府 岸和田市,1237230,320825,916405
27203,大阪府 豊中市,93090,1613741,-1520651
27204,大阪府 池田市,154195,334400,-180205
27205,大阪府 吹田市,509196,1620725,-1111529
27206,大阪府 泉大津市,590791,152634,438157
27207,大阪府 高槻市,150161,971171,-821010
27208,大阪府 貝塚市,674766,152228,522538
27209,大阪府 守口市,80608,276756,-196148
27210,大阪府 枚方市,350041,951552,-601511
27211,大阪府 茨木市,116822,883616,-766794
27212,大阪府 八尾市,199210,529535,-330325
27213,大阪府 泉佐野市,2248185,203509,2044676
27214,大阪府 富田林市,53555,235014,-181459
27215,大阪府 寝屋川市,23087,387041,-363954
27216,大阪府 河内長野市,513342,194382,318960
27217,大阪府 松原市,71362,169181,-97819
27218,大阪府 大東市,2901907,169408,2732499
27219,大阪府 和泉市,530495,447454,83041
27220,大阪府 箕面市,46916,569393,-522477
27221,大阪府 柏原市,157864,122615,35249
27222,大阪府 羽曳野市,53857,180975,-127118
27223,大阪府 門真市,406512,156716,249796
27224,大阪府 摂津市,7650,168450,-160800
27225,大阪府 高石市,10059,152565,-142506
27226,大阪府 藤井寺市,51208,133358,-82150
27227,大阪府 東大阪市,137588,854870,-717282
27228,大阪府 泉南市,484468,73364,411104
27229,大阪府 四條畷市,24323,102232,-77909
27230,大阪府 交野市,7551,176885,-169334
27231,大阪府 大阪狭山市,14451,155750,-141299
27232,大阪府 阪南市,479172,88786,390386
27301,大阪府 三島郡 島本町,25690,93526,-67836
27321,大阪府 豊能郡 豊能町,23452,34388,-10936
27322,大阪府 豊能郡 能勢町,12406,6367,6039
27341,大阪府 泉北郡 忠岡町,277037,23526,253511
27361,大阪府 泉南郡 熊取町,445838,86031,359807
27362,大阪府 泉南郡 田尻町,12269,17757,-5488
27366,大阪府 泉南郡 岬町,5373,19745,-14372
27381,大阪府 南河内郡 太子町,1358,22809,-21451
27382,大阪府 南河内郡 河南町,17470,21940,-4470
27383,大阪府 南河内郡 千早赤阪村,9881,3957,5924
28100,兵庫県 神戸市,1073957,5225151,-4151194
28201,兵庫県 姫路市,71419,1011478,-940059
28202,兵庫県 尼崎市,45227,851514,-806287
28203,兵庫県 明石市,456501,625539,-169038
28204,兵庫県 西宮市,127216,1959445,-1832229
28205,兵庫県 洲本市,5398232,62959,5335273
28206,兵庫県 芦屋市,102768,715679,-612911
28207,兵庫県 伊丹市,40379,424865,-384486
28208,兵庫県 相生市,64762,32413,32349
28209,兵庫県 豊岡市,864754,64822,799932
28210,兵庫県 加古川市,316798,457233,-140435
28212,兵庫県 赤穂市,236604,56555,180049
28213,兵庫県 西脇市,671541,45786,625755
28214,兵庫県 宝塚市,124099,904896,-780797
28215,兵庫県 三木市,496262,106892,389370
28216,兵庫県 高砂市,202879,133323,69556
28217,兵庫県 川西市,150528,362136,-211608
28218,兵庫県 小野市,264077,55090,208987
28219,兵庫県 三田市,129786,311544,-181758
28220,兵庫県 加西市,5337514,70082,5267432
28221,兵庫県 丹波篠山市,176904,42201,134703
28222,兵庫県 養父市,522962,15028,507934
28223,兵庫県 丹波市,246463,40047,206416
28224,兵庫県 南あわじ市,1113395,52308,1061087
28225,兵庫県 朝来市,463712,21637,442075
28226,兵庫県 淡路市,772434,48398,724036
28227,兵庫県 宍粟市,250187,24983,225204
28228,兵庫県 加東市,802964,48622,754342
28229,兵庫県 たつの市,208399,57769,150630
28301,兵庫県 川辺郡 猪名川町,30764,63043,-32279
28365,兵庫県 多可郡 多可町,106778,17036,89742
28381,兵庫県 加古郡 稲美町,113519,93115,20404
28382,兵庫県 加古郡 播磨町,260,53138,-52878
28442,兵庫県 神崎郡 市川町,357597,5819,351778
28443,兵庫県 神崎郡 福崎町,53216,22157,31059
28446,兵庫県 神崎郡 神河町,20074,6713,13361
28464,兵庫県 揖保郡 太子町,370820,42274,328546
28481,兵庫県 赤穂郡 上郡町,137939,9814,128125
28501,兵庫県 佐用郡 佐用町,25917,7091,18826
28585,兵庫県 美方郡 香美町,438795,9456,429339
28586,兵庫県 美方郡 新温泉町,318808,8270,310538
29201,奈良県 奈良市,283457,1011177,-727720
29202,奈良県 大和高田市,272609,76666,195943
29203,奈良県 大和郡山市,265388,124138,141250
29204,奈良県 天理市,88435,61906,26529
29205,奈良県 橿原市,64179,229368,-165189
29206,奈良県 桜井市,207351,71451,135900
29207,奈良県 五條市,76703,19333,57370
29208,奈良県 御所市,31849,22348,9501
29209,奈良県 生駒市,120652,445371,-324719
29210,奈良県 香芝市,52723,212599,-159876
29211,奈良県 葛城市,15205,54105,-38900
29212,奈良県 宇陀市,167937,24723,143214
29322,奈良県 山辺郡 山添村,15454,1611,13843
29342,奈良県 生駒郡 平群町,15901,19299,-3398
29343,奈良県 生駒郡 三郷町,3004,42473,-39469
29344,奈良県 生駒郡 斑鳩町,20036,56397,-36361
29345,奈良県 生駒郡 安堵町,7898,5476,2422
29361,奈良県 磯城郡 川西町,25186,11947,13239
29362,奈良県 磯城郡 三宅町,17737,7136,10601
29363,奈良県 磯城郡 田原本町,31184,49376,-18192
29385,奈良県 宇陀郡 曽爾村,29067,563,28504
29386,奈良県 宇陀郡 御杖村,6701,258,6443
29401,奈良県 高市郡 高取町,69454,5820,63634
29402,奈良県 高市郡 明日香村,21005,3685,17320
29424,奈良県 北葛城郡 上牧町,515,31283,-30768
29425,奈良県 北葛城郡 王寺町,54707,68105,-13398
29426,奈良県 北葛城郡 広陵町,39003,126754,-87751
29427,奈良県 北葛城郡 河合町,46849,40170,6679
29441,奈良県 吉野郡 吉野町,78908,3062,75846
29442,奈良県 吉野郡 大淀町,47360,14668,32692
29443,奈良県 吉野郡 下市町,12832,2950,9882
29444,奈良県 吉野郡 黒滝村,4932,299,4633
29446,奈良県 吉野郡 天川村,3436,412,3024
29447,奈良県 吉野郡 野迫川村,1420,278,1142
29449,奈良県 吉野郡 十津川村,3559,1496,2063
29450,奈良県 吉野郡 下北山村,30202,608,29594
29451,奈良県 吉野郡 上北山村,11123,279,10844
29452,奈良県 吉野郡 川上村,11655,747,10908
29453,奈良県 吉野郡 東吉野村,5015,361,4654
30201,和歌山県 和歌山市,838525,673243,165282
30202,和歌山県 海南市,414274,63125,351149
30203,和歌山県 橋本市,237578,79761,157817
30204,和歌山県 有田市,4098239,32055,4066184
30205,和歌山県 御坊市,962532,19597,942935
30206,和歌山県 田辺市,112812,69264,43548
30207,和歌山県 新宮市,72909,25408,47501
30208,和歌山県 紀の川市,545924,52267,493657
30209,和歌山県 岩出市,10944,68909,-57965
30304,和歌山県 海草郡 紀美野町,71047,4400,66647
30341,和歌山県 伊都郡 かつらぎ町,319865,10967,308898
30343,和歌山県 伊都郡 九度山町,190594,3126,187468
30344,和歌山県 伊都郡 高野町,53089,1079,52010
30361,和歌山県 有田郡 湯浅町,3396752,8191,3388561
30362,和歌山県 有田郡 広川町,279191,3442,275749
30366,和歌山県 有田郡 有田川町,483121,18483,464638
30381,和歌山県 日高郡 美浜町,1038678,5753,1032925
30382,和歌山県 日高郡 日高町,45423,5328,40095
30383,和歌山県 日高郡 由良町,29922,2547,27375
30390,和歌山県 日高郡 印南町,31152,4998,26154
30391,和歌山県 日高郡 みなべ町,90066,11803,78263
30392,和歌山県 日高郡 日高川町,31221,4559,26662
30401,和歌山県 西牟婁郡 白浜町,247624,14693,232931
30404,和歌山県 西牟婁郡 上富田町,197737,12891,184846
30406,和歌山県 西牟婁郡 すさみ町,52836,1167,51669
30421,和歌山県 東牟婁郡 那智勝浦町,40246,6928,33318
30422,和歌山県 東牟婁郡 太地町,24645,978,23667
30424,和歌山県 東牟婁郡 古座川町,5069,521,4548
30427,和歌山県 東牟婁郡 北山村,614600,181,614419
30428,和歌山県 東牟婁郡 串本町,64019,6895,57124
31201,鳥取県 鳥取市,452755,160834,291921
31202,鳥取県 米子市,899968,178562,721406
31203,鳥取県 倉吉市,521655,34424,487231
31204,鳥取県 境港市,387466,15414,372052
31302,鳥取県 岩美郡 岩美町,133068,4707,128361
31325,鳥取県 八頭郡 若桜町,23550,662,22888
31328,鳥取県 八頭郡 智頭町,4472,2318,2154
31329,鳥取県 八頭郡 八頭町,69911,6035,63876
31364,鳥取県 東伯郡 三朝町,44665,2829,41836
31370,鳥取県 東伯郡 湯梨浜町,138661,7909,130752
31371,鳥取県 東伯郡 琴浦町,327491,6789,320702
31372,鳥取県 東伯郡 北栄町,639046,6400,632646
31384,鳥取県 西伯郡 日吉津村,114050,2550,111500
31386,鳥取県 西伯郡 大山町,416153,6774,409379
31389,鳥取県 西伯郡 南部町,72290,5189,67101
31390,鳥取県 西伯郡 伯耆町,32085,5415,26670
31401,鳥取県 日野郡 日南町,26712,844,25868
31402,鳥取県 日野郡 日野町,8500,709,7791
31403,鳥取県 日野郡 江府町,134819,403,134416
32201,島根県 松江市,84006,211275,-127269
32202,島根県 浜田市,1198371,36585,1161786
32203,島根県 出雲市,494477,150294,344183
32204,島根県 益田市,177566,22957,154609
32205,島根県 大田市,162851,11133,151718
32206,島根県 安来市,622465,19453,603012
32207,島根県 江津市,158221,9545,148676
32209,島根県 雲南市,205159,13111,192048
32343,島根県 仁多郡 奥出雲町,368496,1739,366757
32386,島根県 飯石郡 飯南町,260041,820,259221
32441,島根県 邑智郡 川本町,22210,1218,20992
32448,島根県 邑智郡 美郷町,46204,927,45277
32449,島根県 邑智郡 邑南町,166435,4139,162296
32501,島根県 鹿足郡 津和野町,64587,2001,62586
32505,島根県 鹿足郡 吉賀町,100656,1965,98691
32525,島根県 隠岐郡 海士町,125373,1638,123735
32526,島根県 隠岐郡 西ノ島町,68373,1301,67072
32527,島根県 隠岐郡 知夫村,2105,173,1932
32528,島根県 隠岐郡 隠岐の島町,25879,4708,21171
33100,岡山県 岡山市,240666,1906728,-1666062
33202,岡山県 倉敷市,88714,648413,-559699
33203,岡山県 津山市,178766,90164,88602
33204,岡山県 玉野市,332379,49344,283035
33205,岡山県 笠岡市,509003,37362,471641
33207,岡山県 井原市,30970,28226,2744
33208,岡山県 総社市,557897,61192,496705
33209,岡山県 高梁市,166508,11825,154683
33210,岡山県 新見市,39285,8299,30986
33211,岡山県 備前市,264231,25041,239190
33212,岡山県 瀬戸内市,525250,31636,493614
33213,岡山県 赤磐市,303786,34575,269211
33214,岡山県 真庭市,184779,24418,160361
33215,岡山県 美作市,115826,9859,105967
33216,岡山県 浅口市,98533,25206,73327
33346,岡山県 和気郡 和気町,121359,6146,115213
33423,岡山県 都窪郡 早島町,8995,15764,-6769
33445,岡山県 浅口郡 里庄町,72932,11184,61748
33461,岡山県 小田郡 矢掛町,19353,7255,12098
33586,岡山県 真庭郡 新庄村,17280,453,16827
33606,岡山県 苫田郡 鏡野町,19149,9257,9892
33622,岡山県 勝田郡 勝央町,35186,5931,29255
33623,岡山県 勝田郡 奈義町,13164,2283,10881
33643,岡山県 英田郡 西粟倉村,142496,677,141819
33663,岡山県 久米郡 久米南町,36363,2090,34273
33666,岡山県 久米郡 美咲町,92793,5270,87523
33681,岡山県 加賀郡 吉備中央町,1086241,6514,1079727
34100,広島県 広島市,113780,3269843,-3156063
34202,広島県 呉市,520075,218513,301562
34203,広島県 竹原市,63477,16450,47027
34204,広島県 三原市,87411,84180,3231
34205,広島県 尾道市,327932,140214,187718
34207,広島県 福山市,159034,863493,-704459
34208,広島県 府中市,72286,28994,43292
34209,広島県 三次市,88352,30606,57746
34210,広島県 庄原市,34657,15427,19230
34211,広島県 大竹市,287658,29974,257684
34212,広島県 東広島市,114578,283241,-168663
34213,広島県 廿日市市,206013,142309,63704
34214,広島県 安芸高田市,183470,10038,173432
34215,広島県 江田島市,29932,10409,19523
34302,広島県 安芸郡 府中町,3130,110413,-107283
34304,広島県 安芸郡 海田町,8847,37535,-28688
34307,広島県 安芸郡 熊野町,55775,13998,41777
34309,広島県 安芸郡 坂町,2655,12927,-10272
34368,広島県 山県郡 安芸太田町,109947,1353,108594
34369,広島県 山県郡 北広島町,38806,8194,30612
34431,広島県 豊田郡 大崎上島町,44469,3214,41255
34462,広島県 世羅郡 世羅町,75377,9743,65634
34545,広島県 神石郡 神石高原町,1155478,1584,1153894
35201,山口県 下関市,523118,244597,278521
35202,山口県 宇部市,72454,229042,-156588
35203,山口県 山口市,450040,255774,194266
35204,山口県 萩市,146640,21984,124656
35206,山口県 防府市,34820,114598,-79778
35207,山口県 下松市,9708,69500,-59792
35208,山口県 岩国市,119502,133726,-14224
35210,山口県 光市,32257,53072,-20815
35211,山口県 長門市,211392,25866,185526
35212,山口県 柳井市,97218,22305,74913
35213,山口県 美祢市,28197,6900,21297
35215,山口県 周南市,81414,189924,-108510
35216,山口県 山陽小野田市,164686,53208,111478
35305,山口県 大島郡 周防大島町,29990,4337,25653
35321,山口県 玖珂郡 和木町,68335,6428,61907
35341,山口県 熊毛郡 上関町,30076,678,29398
35343,山口県 熊毛郡 田布施町,56068,9723,46345
35344,山口県 熊毛郡 平生町,36329,7752,28577
35502,山口県 阿武郡 阿武町,6108,290,5818
36201,徳島県 徳島市,213183,410900,-197717
36202,徳島県 鳴門市,339128,53812,285316
36203,徳島県 小松島市,51581,31910,19671
36204,徳島県 阿南市,38385,60744,-22359
36205,徳島県 吉野川市,46445,31799,14646
36206,徳島県 阿波市,70872,18378,52494
36207,徳島県 美馬市,18866,11750,7116
36208,徳島県 三好市,36592,11039,25553
36301,徳島県 勝浦郡 勝浦町,720,2100,-1380
36302,徳島県 勝浦郡 上勝町,15935,331,15604
36321,徳島県 名東郡 佐那河内村,142651,461,142190
36341,徳島県 名西郡 石井町,47040,19351,27689
36342,徳島県 名西郡 神山町,72603,771,71832
36368,徳島県 那賀郡 那賀町,85468,5059,80409
36383,徳島県 海部郡 牟岐町,6940,1639,5301
36387,徳島県 海部郡 美波町,11533,2833,8700
36388,徳島県 海部郡 海陽町,97802,2260,95542
36401,徳島県 板野郡 松茂町,63927,19205,44722
36402,徳島県 板野郡 北島町,19769,35532,-15763
36403,徳島県 板野郡 藍住町,30158,41980,-11822
36404,徳島県 板野郡 板野町,13238,12289,949
36405,徳島県 板野郡 上板町,16200,6855,9345
36468,徳島県 美馬郡 つるぎ町,11854,1561,10293
36489,徳島県 三好郡 東みよし町,3260,6220,-2960
37201,香川県 高松市,621669,786100,-164431
37202,香川県 丸亀市,114970,127828,-12858
37203,香川県 坂出市,368546,62348,306198
37204,香川県 善通寺市,196345,25875,170470
37205,香川県 観音寺市,839998,53501,786497
37206,香川県 さぬき市,87364,33308,54056
37207,香川県 東かがわ市,792236,27966,764270
37208,香川県 三豊市,765016,45755,719261
37322,香川県 小豆郡 土庄町,202372,5696,196676
37324,香川県 小豆郡 小豆島町,592484,6043,586441
37341,香川県 木田郡 三木町,621288,29664,591624
37364,香川県 香川郡 直島町,60996,2782,58214
37386,香川県 綾歌郡 宇多津町,41559,36325,5234
37387,香川県 綾歌郡 綾川町,69830,16737,53093
37403,香川県 仲多度郡 琴平町,68471,5494,62977
37404,香川県 仲多度郡 多度津町,289797,17497,272300
37406,香川県 仲多度郡 まんのう町,39028,8820,30208
38201,愛媛県 松山市,437899,678248,-240349
38202,愛媛県 今治市,844946,137919,707027
38203,愛媛県 宇和島市,305088,45396,259692
38204,愛媛県 八幡浜市,1150653,25523,1125130
38205,愛媛県 新居浜市,500554,133411,367143
38206,愛媛県 西条市,764896,81300,683596
38207,愛媛県 大洲市,238028,19481,218547
38210,愛媛県 伊予市,59712,26001,33711
38213,愛媛県 四国中央市,209665,69955,139710
38214,愛媛県 西予市,263931,69955,193976
38215,愛媛県 東温市,6302,44960,-38658
38356,愛媛県 越智郡 上島町,14420,2169,12251
38386,愛媛県 上浮穴郡 久万高原町,9201,1979,7222
38401,愛媛県 伊予郡 松前町,15163,24815,-9652
38402,愛媛県 伊予郡 砥部町,59108,14357,44751
38422,愛媛県 喜多郡 内子町,12835,6817,6018
38442,愛媛県 西宇和郡 伊方町,8900,2879,6021
38484,愛媛県 北宇和郡 松野町,7727,719,7008
38488,愛媛県 北宇和郡 鬼北町,61312,3185,58127
38506,愛媛県 南宇和郡 愛南町,203301,7857,195444
39201,高知県 高知市,393987,387231,6756
39202,高知県 室戸市,1545914,3159,1542755
39203,高知県 安芸市,154675,6522,148153
39204,高知県 南国市,412953,39195,373758
39205,高知県 土佐市,286918,6553,280365
39206,高知県 須崎市,2146202,9696,2136506
39208,高知県 宿毛市,568271,10671,557600
39209,高知県 土佐清水市,231318,2586,228732
39210,高知県 四万十市,430258,15337,414921
39211,高知県 香南市,479912,20276,459636
39212,高知県 香美市,203118,14515,188603
39301,高知県 安芸郡 東洋町,96542,845,95697
39302,高知県 安芸郡 奈半利町,18666,690,17976
39303,高知県 安芸郡 田野町,324529,1064,323465
39304,高知県 安芸郡 安田町,87261,783,86478
39305,高知県 安芸郡 北川村,59975,373,59602
39306,高知県 安芸郡 馬路村,154194,271,153923
39307,高知県 安芸郡 芸西村,1984501,805,1983696
39341,高知県 長岡郡 本山町,12243,1732,10511
39344,高知県 長岡郡 大豊町,2940,339,2601
39363,高知県 土佐郡 土佐町,98180,1013,97167
39364,高知県 土佐郡 大川村,20763,32,20731
39386,高知県 吾川郡 いの町,185120,11619,173501
39387,高知県 吾川郡 仁淀川町,24098,2370,21728
39401,高知県 高岡郡 中土佐町,92780,1690,91090
39402,高知県 高岡郡 佐川町,237591,4995,232596
39403,高知県 高岡郡 越知町,151725,1199,150526
39405,高知県 高岡郡 梼原町,10311,1036,9275
39410,高知県 高岡郡 日高村,102404,688,101716
39411,高知県 高岡郡 津野町,22880,759,22121
39412,高知県 高岡郡 四万十町,1466951,7094,1459857
39424,高知県 幡多郡 大月町,438037,833,437204
39427,高知県 幡多郡 三原村,6221,193,6028
39428,高知県 幡多郡 黒潮町,1075676,1434,1074242
40100,福岡県 北九州市,1200666,1746817,-546151
40130,福岡県 福岡市,132569,5354217,-5221648
40202,福岡県 大牟田市,204049,77285,126764
40203,福岡県 久留米市,2347724,489270,1858454
40204,福岡県 直方市,106211,43034,63177
40205,福岡県 飯塚市,4376539,126466,4250073
40206,福岡県 田川市,183849,26497,157352
40207,福岡県 柳川市,456869,41868,415001
40210,福岡県 八女市,868144,33669,834475
40211,福岡県 筑後市,294165,44791,249374
40212,福岡県 大川市,978943,23897,955046
40213,福岡県 行橋市,215516,68181,147335
40214,福岡県 豊前市,175159,14464,160695
40215,福岡県 中間市,1262964,26237,1236727
40216,福岡県 小郡市,685903,89147,596756
40217,福岡県 筑紫野市,211212,163963,47249
40218,福岡県 春日市,530198,211674,318524
40219,福岡県 大野城市,543325,196590,346735
40220,福岡県 宗像市,1523776,134623,1389153
40221,福岡県 太宰府市,427528,96791,330737
40223,福岡県 古賀市,750645,72132,678513
40224,福岡県 福津市,438224,96969,341255
40225,福岡県 うきは市,426125,12539,413586
40226,福岡県 宮若市,151685,13898,137787
40227,福岡県 嘉麻市,262154,12893,249261
40228,福岡県 朝倉市,2264713,29090,2235623
40229,福岡県 みやま市,466344,19128,447216
40230,福岡県 糸島市,1133850,120868,1012982
40231,福岡県 那珂川市,166376,48053,118323
40341,福岡県 糟屋郡 宇美町,680505,27527,652978
40342,福岡県 糟屋郡 篠栗町,105501,31021,74480
40343,福岡県 糟屋郡 志免町,796713,65493,731220
40344,福岡県 糟屋郡 須恵町,875646,24216,851430
40345,福岡県 糟屋郡 新宮町,3901279,80082,3821197
40348,福岡県 糟屋郡 久山町,263175,10273,252902
40349,福岡県 糟屋郡 粕屋町,207730,74113,133617
40381,福岡県 遠賀郡 芦屋町,27885,11253,16632
40382,福岡県 遠賀郡 水巻町,46890,19123,27767
40383,福岡県 遠賀郡 岡垣町,116229,31076,85153
40384,福岡県 遠賀郡 遠賀町,72385,14062,58323
40401,福岡県 鞍手郡 小竹町,38328,3314,35014
40402,福岡県 鞍手郡 鞍手町,55054,7483,47571
40421,福岡県 嘉穂郡 桂川町,111269,7491,103778
40447,福岡県 朝倉郡 筑前町,197177,17954,179223
40448,福岡県 朝倉郡 東峰村,102849,1410,101439
40503,福岡県 三井郡 大刀洗町,1229805,8831,1220974
40522,福岡県 三潴郡 大木町,592835,12511,580324
40544,福岡県 八女郡 広川町,188953,14335,174618
40601,福岡県 田川郡 香春町,11880,4290,7590
40602,福岡県 田川郡 添田町,29004,2409,26595
40604,福岡県 田川郡 糸田町,16742,2943,13799
40605,福岡県 田川郡 川崎町,733890,5010,728880
40608,福岡県 田川郡 大任町,319080,1296,317784
40609,福岡県 田川郡 赤村,188387,921,187466
40610,福岡県 田川郡 福智町,2221824,9247,2212577
40621,福岡県 京都郡 苅田町,15934,34544,-18610
40625,福岡県 京都郡 みやこ町,62076,8451,53625
40642,福岡県 築上郡 吉富町,20423,5407,15016
40646,福岡県 築上郡 上毛町,352227,3505,348722
40647,福岡県 築上郡 築上町,76490,11496,64994
41201,佐賀県 佐賀市,1610793,346315,1264478
41202,佐賀県 唐津市,4407401,91440,4315961
41203,佐賀県 鳥栖市,603164,101860,501304
41204,佐賀県 多久市,855115,8189,846926
41205,佐賀県 伊万里市,2034924,43512,1991412
41206,佐賀県 武雄市,1346100,34171,1311929
41207,佐賀県 鹿島市,710654,13299,697355
41208,佐賀県 小城市,1373045,30017,1343028
41209,佐賀県 嬉野市,3256205,17191,3239014
41210,佐賀県 神埼市,1872162,21364,1850798
41327,佐賀県 神埼郡 吉野ヶ里町,713361,14178,699183
41341,佐賀県 三養基郡 基山町,1196675,17008,1179667
41345,佐賀県 三養基郡 上峰町,4442243,9263,4432980
41346,佐賀県 三養基郡 みやき町,2340531,21827,2318704
41387,佐賀県 東松浦郡 玄海町,1658778,1864,1656914
41401,佐賀県 西松浦郡 有田町,1227002,9957,1217045
41423,佐賀県 杵島郡 大町町,789079,3264,785815
41424,佐賀県 杵島郡 江北町,313154,7656,305498
41425,佐賀県 杵島郡 白石町,609476,9444,600032
41441,佐賀県 藤津郡 太良町,1178352,3090,1175262
42201,長崎県 長崎市,946355,530395,415960
42202,長崎県 佐世保市,2089947,213167,1876780
42203,長崎県 島原市,816386,27056,789330
42204,長崎県 諫早市,209437,106550,102887
42205,長崎県 大村市,261455,103729,157726
42207,長崎県 平戸市,641856,7268,634588
42208,長崎県 松浦市,956962,7396,949566
42209,長崎県 対馬市,261656,24042,237614
42210,長崎県 壱岐市,308686,8650,300036
42211,長崎県 五島市,279732,17218,262514
42212,長崎県 西海市,479933,5991,473942
42213,長崎県 雲仙市,249645,12564,237081
42214,長崎県 南島原市,669727,14747,654980
42307,長崎県 西彼杵郡 長与町,96250,66677,29573
42308,長崎県 西彼杵郡 時津町,312230,28325,283905
42321,長崎県 東彼杵郡 東彼杵町,345669,3280,342389
42322,長崎県 東彼杵郡 川棚町,51333,5275,46058
42323,長崎県 東彼杵郡 波佐見町,1763954,6050,1757904
42383,長崎県 北松浦郡 小値賀町,48076,800,47276
42391,長崎県 北松浦郡 佐々町,8990,8371,619
42411,長崎県 南松浦郡 新上五島町,62242,6632,55610
43100,熊本県 熊本市,471605,1402053,-930448
43202,熊本県 八代市,1258663,70388,1188275
43203,熊本県 人吉市,3447968,15086,3432882
43204,熊本県 荒尾市,435104,30040,405064
43205,熊本県 水俣市,154963,12192,142771
43206,熊本県 玉名市,877394,34733,842661
43208,熊本県 山鹿市,194302,20187,174115
43210,熊本県 菊池市,122764,16125,106639
43211,熊本県 宇土市,1166344,17414,1148930
43212,熊本県 上天草市,759333,5810,753523
43213,熊本県 宇城市,587937,23148,564789
43214,熊本県 阿蘇市,186023,9775,176248
43215,熊本県 天草市,1612307,28872,1583435
43216,熊本県 合志市,129470,71230,58240
43348,熊本県 下益城郡 美里町,26099,1324,24775
43364,熊本県 玉名郡 玉東町,1114153,2226,1111927
43367,熊本県 玉名郡 南関町,145518,2073,143445
43368,熊本県 玉名郡 長洲町,812646,6270,806376
43369,熊本県 玉名郡 和水町,555355,3070,552285
43403,熊本県 菊池郡 大津町,624458,26050,598408
43404,熊本県 菊池郡 菊陽町,20551,73971,-53420
43423,熊本県 阿蘇郡 南小国町,990564,749,989815
43424,熊本県 阿蘇郡 小国町,220751,1814,218937
43425,熊本県 阿蘇郡 産山村,17079,325,16754
43428,熊本県 阿蘇郡 高森町,856564,1883,854681
43432,熊本県 阿蘇郡 西原村,426304,3974,422330
43433,熊本県 阿蘇郡 南阿蘇村,212626,3892,208734
43441,熊本県 上益城郡 御船町,2480269,5979,2474290
43442,熊本県 上益城郡 嘉島町,374712,6957,367755
43443,熊本県 上益城郡 益城町,1455847,18175,1437672
43444,熊本県 上益城郡 甲佐町,94131,2298,91833
43447,熊本県 上益城郡 山都町,110686,2126,108560
43468,熊本県 八代郡 氷川町,122005,2571,119434
43482,熊本県 葦北郡 芦北町,325372,4484,320888
43484,熊本県 葦北郡 津奈木町,22084,1015,21069
43501,熊本県 球磨郡 錦町,330952,3517,327435
43505,熊本県 球磨郡 多良木町,97898,4131,93767
43506,熊本県 球磨郡 湯前町,39198,815,38383
43507,熊本県 球磨郡 水上村,47153,252,46901
43510,熊本県 球磨郡 相良村,77199,1001,76198
43511,熊本県 球磨郡 五木村,29859,144,29715
43512,熊本県 球磨郡 山江村,81024,375,80649
43513,熊本県 球磨郡 球磨村,542248,130,542118
43514,熊本県 球磨郡 あさぎり町,237292,4122,233170
43531,熊本県 天草郡 苓北町,15511,1133,14378
44201,大分県 大分市,402773,644958,-242185
44202,大分県 別府市,357168,114497,242671
44203,大分県 中津市,147720,67528,80192
44204,大分県 日田市,561765,27750,534015
44205,大分県 佐伯市,609095,35296,573799
44206,大分県 臼杵市,719056,12567,706489
44207,大分県 津久見市,217653,6731,210922
44208,大分県 竹田市,506730,4367,502363
44209,大分県 豊後高田市,477038,11101,465937
44210,大分県 杵築市,686923,10493,676430
44211,大分県 宇佐市,267505,29868,237637
44212,大分県 豊後大野市,274664,12654,262010
44213,大分県 由布市,112909,22120,90789
44214,大分県 国東市,2530261,10506,2519755
44322,大分県 東国東郡 姫島村,4310,700,3610
44341,大分県 速見郡 日出町,743185,22085,721100
44461,大分県 玖珠郡 九重町,91540,3092,88448
44462,大分県 玖珠郡 玖珠町,54090,5360,48730
45201,宮崎県 宮崎市,504934,501453,3481
45202,宮崎県 都城市,13525480,138434,13387046
45203,宮崎県 延岡市,590409,81793,508616
45204,宮崎県 日南市,1876876,21578,1855298
45205,宮崎県 小林市,681363,24490,656873
45206,宮崎県 日向市,605454,40331,565123
45207,宮崎県 串間市,246193,7178,239015
45208,宮崎県 西都市,2240577,9250,2231327
45209,宮崎県 えびの市,613141,5052,608089
45341,宮崎県 北諸県郡 三股町,83940,19908,64032
45361,宮崎県 西諸県郡 高原町,280037,3207,276830
45382,宮崎県 東諸県郡 国富町,279332,4410,274922
45383,宮崎県 東諸県郡 綾町,484595,1853,482742
45401,宮崎県 児湯郡 高鍋町,1203567,10997,1192570
45402,宮崎県 児湯郡 新富町,1452241,7796,1444445
45403,宮崎県 児湯郡 西米良村,10494,33,10461
45404,宮崎県 児湯郡 木城町,1084402,1143,1083259
45405,宮崎県 児湯郡 川南町,1228669,5747,1222922
45406,宮崎県 児湯郡 都農町,8268490,2712,8265778
45421,宮崎県 東臼杵郡 門川町,196067,5648,190419
45429,宮崎県 東臼杵郡 諸塚村,13329,557,12772
45430,宮崎県 東臼杵郡 椎葉村,235278,473,234805
45431,宮崎県 東臼杵郡 美郷町,478117,1137,476980
45441,宮崎県 西臼杵郡 高千穂町,124626,5875,118751
45442,宮崎県 西臼杵郡 日之影町,90489,716,89773
45443,宮崎県 西臼杵郡 五ヶ瀬町,17270,684,16586
46201,鹿児島県 鹿児島市,556569,860556,-303987
46203,鹿児島県 鹿屋市,2598842,77111,2521731
46204,鹿児島県 枕崎市,3329062,8480,3320582
46206,鹿児島県 阿久根市,205624,4085,201539
46208,鹿児島県 出水市,324922,21651,303271
46210,鹿児島県 指宿市,1481576,16606,1464970
46213,鹿児島県 西之表市,183768,7413,176355
46214,鹿児島県 垂水市,1217654,3994,1213660
46215,鹿児島県 薩摩川内市,480468,53084,427384
46216,鹿児島県 日置市,1367531,24668,1342863
46217,鹿児島県 曽於市,2049848,16191,2033657
46218,鹿児島県 霧島市,1084436,81259,1003177
46219,鹿児島県 いちき串木野市,2006752,10686,1996066
46220,鹿児島県 南さつま市,4300976,14434,4286542
46221,鹿児島県 志布志市,5113194,19383,5093811
46222,鹿児島県 奄美市,278670,26583,252087
46223,鹿児島県 南九州市,3039099,11061,3028038
46224,鹿児島県 伊佐市,382987,7741,375246
46225,鹿児島県 姶良市,365718,48227,317491
46303,鹿児島県 鹿児島郡 三島村,17719,181,17538
46304,鹿児島県 鹿児島郡 十島村,17403,130,17273
46392,鹿児島県 薩摩郡 さつま町,205713,7313,198400
46404,鹿児島県 出水郡 長島町,412740,3544,409196
46452,鹿児島県 姶良郡 湧水町,432505,2805,429700
46468,鹿児島県 曽於郡 大崎町,4981015,5673,4975342
46482,鹿児島県 肝属郡 東串良町,895106,1637,893469
46490,鹿児島県 肝属郡 錦江町,220814,991,219823
46491,鹿児島県 肝属郡 南大隅町,101105,911,100194
46492,鹿児島県 肝属郡 肝付町,341417,4483,336934
46501,鹿児島県 熊毛郡 中種子町,97998,1769,96229
46502,鹿児島県 熊毛郡 南種子町,97743,2609,95134
46505,鹿児島県 熊毛郡 屋久島町,341730,4768,336962
46523,鹿児島県 大島郡 大和村,15739,146,15593
46524,鹿児島県 大島郡 宇検村,6514,98,6416
46525,鹿児島県 大島郡 瀬戸内町,76608,2799,73809
46527,鹿児島県 大島郡 龍郷町,56980,1958,55022
46529,鹿児島県 大島郡 喜界町,108212,1649,106563
46530,鹿児島県 大島郡 徳之島町,526349,5699,520650
46531,鹿児島県 大島郡 天城町,74353,701,73652
46532,鹿児島県 大島郡 伊仙町,112716,645,112071
46533,鹿児島県 大島郡 和泊町,90884,1770,89114
46534,鹿児島県 大島郡 知名町,80140,2194,77946
46535,鹿児島県 大島郡 与論町,83914,1386,82528
47201,沖縄県 那覇市,301481,436220,-134739
47205,沖縄県 宜野湾市,59328,85053,-25725
47207,沖縄県 石垣市,402192,35886,366306
47208,沖縄県 浦添市,289407,113166,176241
47209,沖縄県 名護市,142131,34173,107958
47210,沖縄県 糸満市,322370,35415,286955
47211,沖縄県 沖縄市,74328,80751,-6423
47212,沖縄県 豊見城市,633943,67090,566853
47213,沖縄県 うるま市,171558,54812,116746
47214,沖縄県 宮古島市,532420,30620,501800
47215,沖縄県 南城市,97086,20283,76803
47301,沖縄県 国頭郡 国頭村,128728,700,128028
47302,沖縄県 国頭郡 大宜味村,249245,253,248992
47303,沖縄県 国頭郡 東村,151885,279,151606
47306,沖縄県 国頭郡 今帰仁村,291468,1673,289795
47308,沖縄県 国頭郡 本部町,169768,2648,167120
47311,沖縄県 国頭郡 恩納村,470387,7104,463283
47313,沖縄県 国頭郡 宜野座村,162590,1607,160983
47314,沖縄県 国頭郡 金武町,97759,4283,93476
47315,沖縄県 国頭郡 伊江村,27896,981,26915
47324,沖縄県 中頭郡 読谷村,265633,20526,245107
47325,沖縄県 中頭郡 嘉手納町,174025,7127,166898
47326,沖縄県 中頭郡 北谷町,26611,31754,-5143
47327,沖縄県 中頭郡 北中城村,217012,17943,199069
47328,沖縄県 中頭郡 中城村,177789,23264,154525
47329,沖縄県 中頭郡 西原町,10990,24796,-13806
47348,沖縄県 島尻郡 与那原町,10311,13125,-2814
47350,沖縄県 島尻郡 南風原町,191238,28323,162915
47353,沖縄県 島尻郡 渡嘉敷村,5791,494,5297
47354,沖縄県 島尻郡 座間味村,3471,289,3182
47355,沖縄県 島尻郡 粟国村,214,0,214
47356,沖縄県 島尻郡 渡名喜村,1430,65,1365
47357,沖縄県 島尻郡 南大東村,2137,824,1313
47358,沖縄県 島尻郡 北大東村,576,245,331
47359,沖縄県 島尻郡 伊平屋村,26224,289,25935
47360,沖縄県 島尻郡 伊是名村,23508,167,23341
47361,沖縄県 島尻郡 久米島町,141088,2750,138338
47362,沖縄県 島尻郡 八重瀬町,378821,15788,363033
47375,沖縄県 宮古郡 多良間村,32881,256,32625
47381,沖縄県 八重山郡 竹富町,250137,1847,248290
47382,沖縄県 八重山郡 与那国町,17294,2399,14895